11
-5
20
-8
28
-6
37
-7
52
-4
70
2
53
14
39
18
29
18
21
16
11
11
5
0
21
-1
28
1
37
0
64
2
38
7
29
7
21
5
1000
11
-5
22
-8
30
-6
39
-8
55
-5
73
-1
57
15
41
19
32
20
23
18
12
13
5
1
22
0
30
1
39
0
67
1
40
8
31
9
22
7
1000
10
-5
19
-7
28
-5
36
-6
51
-2
68
3
51
13
37
16
28
16
19
14
9
10
5
1
19
1
28
2
37
2
62
4
37
5
28
5
19
4
1000
10
-5
19
-8
28
-5
37
-7
51
-3
68
3
52
13
38
16
28
16
19
15
9
10
5
1
19
1
28
2
37
1
63
4
37
5
28
5
19
4
1000
10
-5
19
-8
27
-6
36
-7
50
-3
68
2
51
13
37
16
28
16
20
15
10
10
5
1
19
0
27
1
36
1
62
3
37
6
28
6
20
4
1000
11
-4
21
-5
30
-2
39
-4
52
-1
69
5
53
14
39
17
29
17
20
15
10
10
5
1
21
2
30
4
39
3
63
5
39
7
30
7
21
5
1000
11
-3
21
-4
29
-2
38
-4
51
-1
68
4
52
13
39
16
30
16
20
14
11
10
5
2
21
3
29
4
38
4
62
4
38
6
30
6
21
5
1000
10
-6
19
-8
27
-6
35
-7
49
-4
66
3
50
13
37
15
28
15
19
14
10
10
5
1
19
0
27
1
36
1
61
3
36
5
27
5
19
4
1000
11
-3
20
-5
29
-3
37
-4
50
-1
66
3
50
11
38
13
28
13
19
12
10
8
5
1
20
2
29
4
38
3
61
4
38
4
29
4
19
2
1000
11
-2
21
-3
30
-1
38
-3
51
-1
67
3
51
13
39
16
29
16
20
15
10
10
5
1
21
4
29
5
38
4
61
4
39
6
29
7
20
5
1000
11
-3
20
-4
29
-2
38
-4
51
-1
67
3
51
11
39
14
29
15
19
13
10
9
4
1
20
3
29
4
38
4
62
4
39
5
29
5
20
3
1000
11
-1
21
-2
29
0
38
-2
50
0
66
4
51
11
38
14
29
14
20
13
11
9
4
1
21
4
29
6
38
5
61
4
38
5
29
6
20
4
1000
11
-2
20
-3
28
0
38
-3
49
0
63
4
49
12
38
15
28
15
19
13
10
9
5
1
20
3
28
5
38
3
58
4
38
5
28
6
20
4
1000
11
-6
22
-7
30
-4
38
-5
47
-2
56
5
46
18
36
22
28
22
19
20
8
14
4
0
22
-2
30
0
38
-1
51
5
37
12
29
13
20
11
1000
11
-2
20
-3
29
-1
38
-3
50
-1
65
4
51
12
39
15
29
16
19
14
10
10
5
1
20
3
29
4
39
3
60
4
39
6
29
7
20
5
1000
11
-3
20
-4
28
-1
37
-4
48
-2
60
3
48
11
37
14
28
14
19
13
10
8
4
0
20
2
28
3
37
2
56
3
37
5
28
5
20
4
1000
11
-2
19
-4
27
-1
36
-3
48
-1
63
4
49
11
37
13
27
14
18
12
10
8
5
1
19
3
27
4
36
3
58
4
37
4
28
5
19
3
1000
11
-2
21
-2
29
0
38
-2
51
0
66
4
51
12
39
15
29
16
20
14
11
10
5
1
20
4
29
5
39
4
61
4
39
6
30
7
20
5
1000
12
-1
22
-1
29
2
36
1
45
3
53
7
43
14
34
16
27
16
19
15
10
9
5
2
21
4
28
6
36
6
49
7
35
8
28
9
21
7
1000
11
-3
21
-4
28
-1
35
-2
43
1
52
5
42
12
33
15
26
15
18
13
9
8
4
0
20
2
27
4
34
4
48
5
33
6
26
7
19
5
1000
10
-3
19
-4
27
-1
36
-3
48
0
64
4
49
11
36
13
27
14
18
12
10
8
5
1
19
3
27
4
36
4
59
5
36
5
27
5
19
4
1000
12
-2
21
-2
30
0
38
-2
51
0
65
4
51
13
39
16
30
16
20
15
11
10
5
1
21
4
30
5
39
4
60
4
39
7
30
7
21
6
1000
11
-2
20
-4
29
-1
38
-3
50
0
66
4
50
12
38
14
28
14
19
13
10
9
5
0
20
3
29
5
38
4
61
5
38
5
29
6
20
4
1000
10
-4
19
-6
27
-4
33
-5
40
-2
48
4
39
11
31
13
25
13
17
12
8
8
4
1
19
2
26
3
33
3
44
4
32
3
25
4
18
2
1000
11
-5
21
-6
28
-3
35
-5
43
-1
52
5
43
15
33
18
26
18
18
17
9
11
5
1
20
1
28
3
35
3
48
5
34
8
27
8
19
6
1000
11
-4
22
-5
29
-2
36
-3
44
0
53
6
43
16
34
19
26
19
18
17
9
12
5
1
21
2
28
3
35
3
48
6
34
9
27
10
20
8
1000
11
-3
22
-4
30
-1
37
-3
46
1
54
5
44
14
35
17
27
17
19
15
9
10
5
1
21
3
29
5
37
4
50
5
35
7
28
7
20
6
1000
11
-3
22
-5
30
-2
38
-3
47
0
56
5
45
15
35
18
28
18
19
16
9
11
5
1
22
2
30
4
37
4
51
5
36
8
29
9
20
7
1000
12
-4
23
-5
31
-2
39
-4
47
-1
56
5
46
15
36
18
28
19
20
17
9
11
5
0
22
1
31
3
38
3
52
5
37
9
29
10
21
8
1000
12
-3
23
-4
31
-2
38
-3
47
0
55
5
45
15
36
19
28
19
20
17
9
12
5
1
23
2
31
4
38
4
51
5
37
9
29
10
21
8
1000
12
-4
23
-5
30
-2
38
-4
47
-1
56
4
45
13
36
17
28
17
20
16
10
10
5
1
22
3
30
4
38
4
51
4
37
7
29
7
21
6
1000
10
-4
20
-6
28
-3
35
-5
43
-2
51
4
42
12
33
15
26
15
18
14
9
9
5
1
20
2
27
3
34
3
47
4
34
5
26
5
19
4
1000
11
-5
21
-7
29
-4
36
-6
44
-2
53
4
43
13
34
16
26
16
18
15
9
10
5
1
21
0
28
2
35
1
48
4
34
6
27
7
19
5
1000
11
-4
22
-6
29
-3
36
-4
45
-1
53
4
43
15
35
18
27
18
19
17
9
11
5
1
21
0
29
2
36
2
49
4
35
8
28
9
20
7
1000
12
-3
23
-5
30
-2
37
-3
46
0
55
5
45
15
35
19
28
19
19
17
9
12
5
1
22
1
30
3
37
3
51
5
36
9
29
10
21
8
1000
11
-3
21
-4
29
-1
36
-3
44
0
53
4
43
13
34
16
26
17
18
15
9
10
4
1
21
3
28
4
35
4
49
4
34
7
27
8
19
6
1000
10
-3
21
-3
28
-1
35
-2
43
0
53
3
43
13
34
16
26
16
18
15
8
10
4
1
20
3
28
4
35
4
48
4
34
7
27
8
19
6
1000
11
-1
22
-1
29
2
37
1
46
3
56
7
45
14
35
17
27
17
20
15
10
10
5
2
21
5
29
6
36
6
51
7
36
9
28
9
21
7
1000
11
-2
22
-1
29
1
37
0
45
2
55
7
45
15
35
18
27
18
19
16
9
10
4
1
21
4
29
6
37
6
51
7
36
10
28
10
20
8
1000
