10
-1
19
-1
26
1
34
0
42
3
53
6
41
14
32
17
24
17
17
15
8
10
4
1
19
4
26
6
33
6
49
6
32
8
25
8
18
6
1000
11
-1
20
-1
27
1
34
0
43
2
53
6
42
13
32
15
25
15
18
14
9
8
4
1
19
4
27
6
34
6
49
6
33
7
26
7
19
5
1000
11
-2
20
-2
27
0
34
-1
43
1
53
5
42
13
32
16
25
16
17
14
9
9
4
1
19
3
26
5
33
5
49
5
33
7
26
7
19
5
1000
10
-2
20
-3
27
0
34
-1
43
1
53
5
43
12
33
15
25
15
17
14
8
9
4
0
19
3
27
5
34
4
49
5
33
6
26
7
19
5
1000
11
-2
21
-3
27
-1
35
-2
43
1
53
6
43
13
33
16
25
16
18
14
9
9
4
1
20
3
27
5
34
5
49
6
33
6
26
7
19
5
1000
12
-3
21
-3
28
-1
35
-2
43
1
53
6
42
13
33
15
25
15
18
13
9
9
4
0
20
2
27
4
34
3
49
5
33
6
26
6
19
5
1000
11
-3
20
-4
27
-1
34
-2
42
0
52
5
41
11
32
14
25
14
18
12
9
8
5
1
20
2
26
4
33
3
47
5
33
5
26
5
19
4
1000
13
-3
22
-3
29
-1
36
-2
44
1
52
6
42
13
33
15
26
15
19
14
10
9
5
1
22
2
28
4
35
4
48
6
34
6
27
6
21
5
1000
12
-3
22
-3
28
-1
36
-2
44
0
52
4
43
13
34
16
26
16
19
15
10
11
4
1
21
3
28
4
35
4
48
5
35
7
27
8
20
6
1000
12
-5
23
-7
29
-5
37
-6
45
-3
53
3
44
13
36
17
27
17
20
16
10
11
5
0
22
0
29
1
37
1
48
4
36
6
28
7
21
6
1000
12
-5
22
-8
28
-6
35
-7
43
-2
51
6
42
13
33
14
26
14
19
13
10
9
5
1
21
-1
28
1
35
1
47
5
34
4
27
4
20
3
1000
12
-5
22
-8
28
-5
35
-6
43
-2
51
5
42
10
33
10
26
10
20
9
11
6
5
0
21
-1
28
1
34
1
47
4
34
1
27
2
21
0
1000
11
-6
20
-9
26
-6
32
-8
40
-3
49
4
39
10
31
11
25
11
18
10
9
7
5
0
19
-1
26
0
32
0
45
4
31
1
25
1
19
0
1000
10
-8
18
-11
24
-9
30
-11
37
-7
45
0
37
5
30
7
23
7
17
7
9
5
5
-1
18
-4
24
-3
30
-4
41
-1
30
-3
23
-2
18
-3
1000
10
-8
18
-11
24
-10
31
-12
38
-9
45
-2
38
2
31
4
24
5
18
5
10
4
4
-1
18
-4
24
-4
31
-5
41
-3
31
-4
24
-3
18
-4
1000
10
-6
19
-10
25
-7
31
-9
38
-4
47
4
37
6
30
6
24
6
17
5
9
3
5
0
18
-2
25
-1
31
-1
42
3
31
-4
25
-4
18
-5
1000
11
-7
22
-10
29
-8
37
-9
46
-5
55
2
45
9
36
11
28
11
20
10
10
7
5
0
21
-2
29
-2
37
-2
51
2
36
1
29
1
21
0
1000
11
-7
20
-10
27
-7
34
-9
42
-5
50
2
41
7
33
8
26
8
19
7
9
5
4
0
20
-3
27
-2
34
-2
45
1
33
0
26
1
19
-1
1000
11
-8
20
-12
26
-9
34
-11
41
-6
49
2
40
6
33
7
25
7
19
6
10
4
5
-1
20
-3
26
-2
33
-3
44
1
33
-3
26
-3
19
-4
1000
11
-7
20
-10
27
-7
34
-9
41
-5
48
3
40
8
32
10
25
10
18
9
10
6
5
0
20
-2
26
-1
33
-2
44
2
33
1
26
1
19
0
1000
10
-8
19
-11
25
-9
32
-10
40
-6
48
2
40
7
32
9
25
10
18
9
9
6
5
0
19
-3
25
-2
32
-3
44
1
32
0
25
1
19
0
1000
10
-8
19
-11
25
-9
32
-11
39
-6
46
2
38
9
31
11
24
12
17
10
8
7
5
0
18
-4
25
-3
32
-3
42
2
31
1
24
2
18
1
1000
10
-7
19
-11
26
-9
32
-10
39
-6
47
3
39
9
32
11
25
11
18
11
9
7
5
0
19
-3
25
-3
32
-3
42
2
32
1
25
1
18
0
1000
9
-9
17
-13
24
-11
30
-12
37
-7
44
3
37
10
29
13
23
13
16
12
8
8
5
-1
17
-5
23
-4
30
-4
39
2
29
2
23
3
17
1
1000
9
-9
18
-13
24
-10
30
-11
38
-6
44
4
37
12
29
15
22
15
15
14
7
9
5
0
17
-5
23
-4
30
-4
39
3
29
4
23
5
16
3
1000
8
-10
16
-14
23
-12
29
-13
36
-8
43
2
36
10
28
13
21
13
15
12
7
8
5
-1
16
-6
22
-5
29
-5
38
2
28
2
22
3
16
1
1000
11
-2
20
-3
26
-1
33
-3
42
0
53
3
42
10
32
12
25
13
18
12
9
8
4
1
19
3
26
4
33
4
49
3
32
3
25
4
18
2
1000
11
-1
21
0
29
2
37
0
47
2
60
3
47
12
36
15
27
16
19
14
10
9
5
1
20
5
28
6
37
6
56
4
37
6
28
7
20
5
1000
11
0
21
1
28
4
36
3
46
4
58
6
45
15
34
18
26
18
19
16
9
10
4
1
20
6
28
8
36
8
54
7
35
9
27
9
20
7
1000
12
1
22
2
29
5
38
4
47
6
59
8
46
17
35
20
27
19
19
17
10
11
4
2
21
7
29
9
37
9
55
9
36
11
28
11
20
8
1000
12
1
23
2
30
4
38
3
48
5
60
6
47
16
36
20
28
21
20
19
10
13
5
2
22
7
29
9
38
9
56
7
37
12
29
12
21
10
1000
12
1
22
2
29
4
37
3
47
5
59
7
46
15
35
18
27
18
19
16
10
10
4
2
21
7
28
8
37
8
55
8
36
10
28
10
20
8
1000
12
0
22
1
30
4
39
3
49
5
61
7
47
15
36
18
28
18
19
16
10
10
5
2
22
6
30
8
38
8
56
8
37
10
28
10
21
8
1000
