11
-2
20
-4
28
-1
36
-3
47
0
59
4
47
13
36
16
27
17
19
15
10
11
5
1
20
3
28
4
36
4
54
4
36
6
27
7
19
6
1000
11
-1
21
-2
29
0
37
-1
47
1
60
5
47
13
36
16
27
17
19
15
10
10
5
1
21
4
29
6
37
5
55
5
36
7
28
7
20
6
1000
11
-2
20
-3
28
-1
36
-2
46
0
59
3
47
12
36
15
27
16
18
15
9
10
4
0
20
3
28
4
36
4
54
4
35
6
27
7
19
5
1000
11
-2
20
-3
28
-1
36
-3
46
0
58
4
46
12
35
15
27
15
18
13
9
9
4
1
20
3
28
5
36
4
54
5
35
5
27
6
19
4
1000
11
-3
21
-4
28
-1
36
-3
47
0
59
4
47
13
36
16
27
17
19
15
10
10
5
1
20
2
28
4
36
3
55
4
36
7
28
7
20
6
1000
10
-3
19
-4
26
-2
34
-3
44
-1
55
3
44
12
33
16
25
16
17
15
8
10
4
0
19
2
26
3
34
3
51
4
34
6
26
7
18
5
1000
11
-3
21
-4
28
-1
36
-3
46
0
58
4
46
13
35
16
27
17
18
15
10
10
5
1
20
3
28
5
36
4
53
5
36
6
27
6
19
5
1000
10
-2
20
-3
27
-1
35
-2
45
0
56
4
45
13
34
16
26
16
17
15
9
10
5
1
19
3
27
5
35
4
52
5
34
6
26
7
19
5
1000
10
-2
20
-3
27
0
36
-2
46
1
57
5
46
14
35
18
26
18
17
16
9
11
4
1
19
3
27
5
35
4
53
6
35
7
27
8
18
6
1000
11
-3
21
-4
29
-1
37
-3
47
0
58
5
47
14
36
17
27
17
19
15
10
10
5
1
21
3
29
4
37
4
54
5
36
7
28
7
20
6
1000
11
-3
21
-4
28
-2
37
-3
47
-1
58
4
47
12
36
16
27
16
18
14
10
10
5
1
20
3
28
4
37
4
54
4
36
6
28
6
19
5
1000
10
-4
20
-6
27
-3
36
-5
46
-1
57
5
46
13
35
16
26
16
18
15
9
9
4
0
19
2
27
3
36
3
53
4
35
6
27
7
19
5
1000
11
-3
20
-4
28
-2
36
-3
46
-1
56
4
45
13
35
16
27
16
18
14
10
9
5
0
20
2
28
4
36
3
52
4
35
6
27
7
19
5
1000
10
-3
19
-4
27
-2
35
-3
45
-1
56
4
44
13
34
16
26
16
17
15
9
9
4
0
19
2
27
4
35
3
51
4
34
7
26
7
18
5
1000
11
-3
20
-4
28
-2
36
-3
45
-1
56
5
45
13
35
15
26
16
18
14
9
9
4
1
20
2
28
4
36
3
52
5
35
6
27
6
19
5
1000
11
-3
20
-4
28
-2
36
-3
45
-1
55
5
45
12
35
15
26
15
17
13
9
9
5
0
19
2
27
3
36
3
51
5
35
5
27
6
18
4
1000
12
-3
21
-4
29
-2
37
-3
46
0
56
7
45
15
34
18
26
18
18
16
9
11
4
1
21
3
28
5
36
5
51
6
35
8
27
8
20
6
1000
11
-4
21
-4
28
-2
36
-3
45
1
55
7
44
14
34
17
26
17
18
15
9
10
5
1
20
3
28
4
36
4
51
6
35
8
27
8
19
6
1000
11
-4
21
-5
29
-2
38
-3
47
0
56
6
46
14
36
17
27
17
19
15
9
9
5
1
21
2
29
4
37
3
52
6
36
8
28
8
20
6
1000
11
-3
21
-4
28
-1
36
-2
45
2
55
9
44
14
34
15
25
14
18
12
9
7
5
1
20
3
28
5
35
5
50
8
35
6
27
6
19
3
1000
10
-4
20
-5
28
-2
36
-3
45
0
55
6
44
12
34
14
26
14
17
13
9
7
5
0
19
1
27
3
35
3
51
5
35
6
27
6
19
4
1000
11
-5
20
-6
28
-4
36
-5
45
-1
54
6
44
13
34
15
26
15
18
13
9
8
5
0
20
1
27
3
35
2
50
6
35
6
27
6
19
4
1000
11
-4
20
-5
27
-3
35
-4
44
-1
53
5
44
14
34
17
26
17
18
15
9
10
5
1
20
2
27
3
35
3
49
5
34
7
26
8
19
6
1000
9
-5
18
-6
26
-4
34
-5
42
-2
52
5
41
11
32
14
24
14
16
12
8
7
4
0
18
0
26
2
34
2
48
4
33
4
25
5
17
3
1000
10
-5
19
-6
27
-3
35
-5
44
-1
53
6
43
12
33
14
25
14
17
12
8
7
5
0
19
1
27
3
35
3
49
5
34
4
26
5
18
2
1000
10
-5
20
-7
27
-4
35
-5
44
-2
53
5
42
11
33
13
25
13
17
12
9
7
5
0
19
0
27
2
35
1
49
4
34
4
26
4
18
2
1000
10
-6
19
-7
27
-5
35
-6
43
-3
52
5
42
12
33
14
25
14
17
13
8
8
4
0
19
-1
27
1
35
0
48
4
34
4
26
5
18
3
1000
11
-5
20
-6
28
-4
36
-5
45
-2
54
4
44
11
34
13
26
13
18
12
9
7
5
0
20
0
28
2
36
2
50
4
35
4
27
4
19
3
1000
11
-4
20
-5
28
-2
36
-4
45
-1
53
5
43
12
34
15
26
15
18
13
9
8
5
1
20
2
28
3
36
3
49
4
35
6
27
6
19
4
1000
10
-4
20
-5
28
-2
36
-3
45
0
54
6
44
13
34
16
26
16
17
14
9
9
4
1
19
2
28
4
35
4
50
6
35
6
27
7
19
5
1000
10
-4
20
-5
27
-2
35
-4
44
-1
54
5
43
13
34
16
26
17
17
15
9
9
5
1
19
2
27
4
35
3
49
5
34
6
26
7
18
5
1000
10
-5
19
-6
27
-3
35
-5
44
-2
54
5
43
13
33
15
25
15
17
14
8
9
4
0
19
1
26
3
34
2
50
5
34
5
25
5
18
4
1000
10
-4
19
-5
26
-3
34
-4
43
0
54
6
43
13
33
15
25
15
17
13
9
9
4
0
18
2
26
3
34
3
50
6
33
5
25
5
18
3
1000
10
-4
19
-5
26
-3
34
-4
43
0
53
6
42
13
32
15
25
15
17
14
9
9
4
0
18
2
26
4
33
4
49
5
33
6
25
6
18
4
1000
10
-4
20
-5
28
-2
36
-4
45
-1
54
5
44
13
34
16
26
16
17
15
8
9
5
0
19
1
27
3
36
2
50
5
35
7
26
7
18
5
1000
10
-4
20
-4
28
-2
36
-3
45
0
53
6
43
13
34
16
25
16
17
14
8
9
5
1
19
1
27
3
36
3
49
6
35
7
26
7
18
5
1000
11
-4
21
-5
29
-3
37
-4
46
-1
55
5
44
13
35
15
26
16
18
14
9
8
5
0
20
2
28
4
37
3
50
5
36
6
27
6
19
4
1000
11
-4
21
-5
29
-2
37
-3
46
1
55
7
45
14
35
16
26
16
18
14
9
9
4
1
20
2
28
4
37
4
52
7
36
7
27
7
19
5
1000
10
-4
19
-5
26
-3
34
-4
43
0
52
6
42
12
32
14
25
14
16
12
8
8
4
0
18
1
26
3
34
3
48
5
33
5
25
5
18
3
1000
11
-4
20
-5
28
-3
36
-4
44
0
53
6
43
13
33
15
25
15
17
13
9
8
5
0
20
2
27
3
35
3
49
6
34
5
26
6
19
3
1000
10
-5
19
-6
26
-3
34
-4
43
0
52
7
42
14
32
16
24
15
16
13
8
8
4
1
18
1
26
3
34
3
48
6
33
6
25
6
18
4
1000
11
-3
20
-3
27
0
35
-1
43
2
52
7
42
12
33
15
25
14
17
13
9
8
5
1
19
3
27
5
34
5
48
6
34
7
26
6
19
4
1000
11
-3
20
-3
27
-1
35
-1
43
2
52
7
42
14
32
16
25
15
17
13
9
8
5
1
19
3
27
5
34
5
49
6
33
7
26
7
19
5
1000
11
-2
21
-3
28
0
36
-1
44
2
53
7
43
14
33
16
26
16
18
14
9
9
5
1
20
3
27
5
35
5
49
7
34
7
27
7
19
5
1000
