168
131
174
124
183
120
188
122
194
120
202
124
209
132
202
136
193
139
187
139
181
139
174
136
171
131
183
128
188
128
194
127
205
131
193
131
188
131
182
131
1000
165
129
173
123
181
120
186
122
192
120
201
124
208
131
200
134
192
136
185
136
179
135
172
134
169
129
180
127
186
127
192
126
204
130
192
128
185
128
180
128
1000
165
130
172
123
180
119
185
121
191
119
200
124
207
131
199
134
191
136
184
136
179
135
171
134
168
129
180
127
185
127
191
126
204
130
191
128
185
128
180
128
1000
160
128
168
122
177
118
183
120
190
118
200
122
208
128
200
133
190
136
183
137
176
137
168
134
164
128
177
125
183
125
190
125
205
128
190
129
183
129
177
129
1000
162
129
169
123
178
120
184
121
190
119
200
123
208
129
200
135
191
138
184
139
178
139
169
136
166
129
178
127
184
127
190
126
204
129
191
130
184
131
178
130
1000
162
129
170
123
178
119
184
121
190
119
199
123
207
129
199
134
190
136
183
137
177
136
169
134
166
129
178
127
184
127
190
126
204
129
190
128
184
129
178
128
1000
164
128
171
121
178
117
183
119
190
117
198
121
207
128
199
130
190
132
184
132
178
132
171
131
167
128
178
125
184
125
190
124
204
127
190
125
184
125
178
124
1000
162
130
169
122
177
117
183
119
189
117
198
122
206
129
198
135
189
138
183
139
177
139
169
136
165
130
177
125
183
125
189
124
202
129
189
130
183
130
177
130
1000
162
129
169
122
177
118
183
119
189
118
198
122
207
129
198
134
189
136
183
136
177
136
169
134
166
129
177
126
183
125
189
125
203
129
189
129
183
129
177
129
1000
163
129
170
122
178
118
183
120
189
118
198
122
206
129
198
133
189
135
183
136
177
135
169
134
166
128
178
126
183
126
189
125
203
128
189
128
183
128
178
128
1000
162
130
169
123
177
118
183
120
189
118
197
123
205
130
197
134
189
136
182
137
176
136
168
134
165
129
177
126
183
126
189
126
202
129
189
128
182
128
177
128
1000
163
129
170
122
177
119
182
121
188
119
197
123
205
129
197
131
188
132
182
133
177
132
170
131
166
128
177
126
183
126
189
126
202
129
188
126
182
126
177
125
1000
163
130
169
124
177
120
182
122
187
120
195
125
204
130
195
133
187
134
181
135
176
134
169
133
166
130
177
128
182
128
187
128
201
130
187
127
181
127
177
127
1000
161
131
168
123
176
119
182
121
188
119
197
123
205
130
197
135
189
137
182
138
176
138
168
135
165
130
176
127
182
127
189
126
202
130
189
129
182
129
176
129
1000
161
129
168
122
176
118
182
119
188
118
197
122
205
129
197
133
188
135
182
136
176
135
168
133
165
128
176
126
182
126
188
125
202
129
188
128
182
128
176
128
1000
161
129
168
123
176
119
182
121
188
119
197
122
205
129
197
133
188
136
181
136
175
136
168
134
165
129
176
126
182
126
188
126
201
129
188
128
182
129
176
128
1000
161
129
168
122
176
118
182
120
188
118
197
122
205
129
197
133
188
134
182
135
176
134
168
133
165
128
176
125
182
125
188
125
202
128
188
127
182
128
176
127
1000
162
130
168
123
176
119
182
121
188
119
197
123
205
131
197
134
188
137
181
137
175
137
168
134
166
129
176
127
182
127
188
126
202
130
188
129
182
129
176
129
1000
162
129
169
122
177
118
182
120
188
118
197
123
205
130
197
133
188
134
182
135
176
134
169
132
166
128
177
126
182
126
188
126
202
129
188
126
182
127
176
126
1000
162
129
169
122
177
119
182
121
188
119
197
123
205
130
197
132
188
134
182
134
176
134
169
132
166
128
177
126
182
126
189
126
202
129
188
126
182
126
177
126
1000
162
128
169
122
177
119
182
121
188
119
198
123
207
129
197
132
188
133
182
134
176
133
169
132
165
128
177
126
182
126
189
126
203
129
188
126
182
126
176
126
1000
161
129
168
123
176
119
182
121
188
119
197
123
206
129
197
133
188
135
181
136
176
135
168
134
165
129
177
127
182
127
188
126
202
129
188
128
182
128
176
128
1000
161
129
167
122
176
118
181
119
187
117
197
121
205
128
197
133
188
135
181
136
175
136
167
134
164
128
176
125
181
125
188
124
201
128
188
128
182
129
176
128
1000
161
128
168
120
176
116
181
118
187
116
196
121
205
127
196
129
187
131
181
131
175
131
168
130
164
127
176
124
181
124
187
124
201
126
187
124
181
124
176
124
1000
160
128
167
121
175
116
181
118
188
116
197
120
205
128
196
131
187
133
181
133
175
133
167
132
164
128
176
124
181
124
188
123
201
127
187
126
181
126
175
126
1000
161
127
168
120
176
116
181
118
187
116
196
121
204
127
196
130
187
132
181
132
175
132
168
130
164
127
176
124
181
123
187
123
201
127
187
124
181
125
176
124
1000
162
126
169
120
176
116
182
118
188
116
196
120
205
127
196
129
188
130
182
131
176
130
169
129
165
126
176
123
182
123
188
122
201
126
188
123
182
123
176
123
1000
162
127
169
120
177
116
182
118
188
116
197
120
205
127
197
128
188
129
182
130
176
129
169
129
166
126
177
124
182
124
188
123
202
126
188
122
182
123
177
123
1000
162
127
169
120
177
117
182
118
188
117
197
121
205
128
197
130
188
131
182
132
176
131
168
130
165
127
177
124
182
124
188
123
202
127
188
124
182
124
176
124
1000
161
128
168
121
176
117
182
118
188
117
198
121
206
127
198
132
189
134
182
135
176
135
168
133
164
128
176
124
182
124
189
123
203
127
188
127
182
128
176
127
1000
160
126
168
120
176
117
182
119
188
117
197
120
206
126
197
130
188
132
181
132
175
132
168
130
164
126
176
124
182
124
188
123
202
126
188
124
181
124
176
124
1000
