115
228
123
228
131
228
137
230
144
229
154
229
166
230
155
237
144
240
137
240
130
239
123
235
119
229
131
232
137
234
144
233
161
231
144
233
137
234
131
232
1000
115
229
124
228
131
228
138
230
146
229
156
230
167
232
156
237
146
240
137
240
130
239
123
235
119
229
131
232
138
234
146
233
162
232
145
233
137
234
131
232
1000
117
230
125
229
133
229
139
231
146
230
157
230
169
233
157
239
147
241
139
242
132
241
125
237
121
231
133
233
139
234
147
234
164
233
146
235
139
235
132
234
1000
116
231
125
232
132
232
139
233
146
232
156
232
169
233
156
237
147
239
139
240
132
239
125
237
119
232
132
236
139
237
146
236
164
233
146
234
139
235
132
234
1000
118
231
127
231
134
232
141
233
148
232
158
232
170
232
158
236
148
238
141
239
134
238
127
236
122
232
134
236
141
237
148
235
165
232
148
233
140
234
134
233
1000
119
231
128
232
135
232
141
233
149
231
159
231
171
231
160
239
150
242
142
243
136
242
128
239
122
232
135
235
142
236
149
235
167
232
149
236
142
237
135
236
1000
121
232
130
232
137
231
143
232
150
231
160
232
172
233
160
238
151
241
143
241
137
241
129
238
124
232
137
235
144
236
151
235
167
233
150
235
143
236
137
235
1000
122
232
131
231
139
230
145
232
153
231
163
231
174
233
163
238
153
240
146
241
139
240
131
237
126
232
139
235
145
235
153
234
169
233
153
234
145
235
139
234
1000
125
233
133
232
140
231
147
233
154
231
164
233
175
236
164
241
155
244
147
244
140
243
133
240
129
234
140
236
147
237
155
236
170
236
154
237
147
238
140
236
1000
130
236
136
232
144
230
150
232
158
231
167
233
176
238
167
243
158
246
150
246
144
245
136
242
133
236
144
235
150
236
158
236
172
237
158
239
150
240
143
238
1000
129
234
136
231
143
229
150
231
157
229
166
231
175
236
166
242
158
245
150
245
143
244
136
241
132
234
143
234
150
235
157
234
171
236
157
237
150
238
143
236
1000
129
235
136
231
144
230
150
232
157
230
166
232
176
236
167
242
158
245
151
245
144
244
136
241
133
234
144
234
150
235
158
234
172
236
158
238
150
239
144
237
1000
130
235
137
232
144
230
150
231
156
230
164
232
173
237
165
242
157
245
150
245
144
244
137
241
134
235
144
235
150
236
156
235
169
237
156
237
150
238
144
237
1000
133
233
139
230
144
228
150
231
155
229
162
232
172
236
163
237
156
238
150
238
144
237
139
235
137
233
144
234
150
235
156
235
168
235
155
230
149
230
144
229
1000
131
234
138
231
144
229
150
231
156
229
163
231
173
235
164
236
156
237
150
237
144
236
138
235
135
233
144
233
150
234
156
234
169
235
156
230
150
230
144
229
1000
130
233
138
230
145
228
151
230
158
228
166
230
177
233
167
238
159
240
152
241
145
240
138
238
134
233
145
233
151
234
158
233
173
233
158
234
151
235
145
233
1000
126
228
134
226
143
225
150
227
157
226
166
228
178
231
166
238
157
241
149
241
142
240
134
236
131
229
143
230
150
231
157
231
173
231
157
233
149
234
142
232
1000
129
231
136
228
144
227
150
229
157
228
165
229
175
232
165
238
157
241
150
242
144
241
136
237
133
231
144
232
150
233
157
233
171
233
157
234
150
234
144
233
1000
129
226
137
224
143
223
149
224
155
223
162
225
172
228
162
230
155
232
148
232
142
231
136
230
133
226
143
227
149
228
155
228
168
227
155
224
148
225
143
224
1000
131
234
137
230
144
229
150
230
156
229
164
231
173
234
164
237
157
239
150
239
144
239
138
237
134
234
144
234
150
235
156
234
169
234
156
231
150
232
144
231
1000
130
234
137
231
143
229
149
231
156
230
164
231
175
235
165
239
157
242
150
242
144
241
137
239
134
234
144
234
150
235
156
234
170
235
156
235
149
236
144
234
1000
129
236
136
232
143
230
149
232
155
230
162
233
172
238
163
239
156
240
149
240
143
240
136
239
133
236
143
237
149
238
155
238
167
237
155
231
149
231
143
230
1000
129
234
137
232
145
230
151
232
158
230
166
232
177
235
167
240
158
242
151
242
145
242
137
240
133
234
145
236
151
237
158
236
172
235
158
235
151
235
145
234
1000
127
229
136
227
145
225
152
227
160
226
169
227
179
229
169
236
160
239
152
240
145
239
136
236
132
229
145
231
152
232
160
231
175
230
160
231
152
232
145
231
1000
128
228
137
226
145
225
152
226
160
225
169
226
180
228
170
235
161
238
153
239
145
239
137
235
132
229
145
230
152
231
160
230
176
229
160
231
153
232
145
231
1000
126
228
136
227
145
225
153
227
161
225
171
226
182
228
172
236
162
241
153
242
145
241
136
238
131
229
145
231
153
231
161
230
177
228
161
233
153
234
145
233
1000
127
228
136
226
145
225
152
226
160
225
169
226
180
228
170
235
160
238
152
239
145
238
136
235
131
229
145
230
152
231
160
230
176
229
160
230
152
231
145
230
1000
126
229
135
228
144
227
151
229
159
227
168
228
179
230
168
237
159
239
151
240
144
239
135
236
130
229
144
232
151
233
159
232
175
230
159
233
151
234
144
232
1000
131
233
138
229
146
227
152
229
159
228
167
230
176
235
167
242
159
244
152
245
145
243
138
240
135
233
146
233
152
234
159
234
171
235
158
236
152
236
146
235
1000
131
234
138
231
145
229
152
231
159
229
167
231
176
235
167
240
159
242
152
242
145
242
138
239
135
234
146
234
152
235
159
235
172
235
159
235
152
236
145
235
1000
130
225
138
222
145
221
152
222
158
221
166
223
175
227
166
230
158
231
151
232
145
231
138
229
134
225
145
226
151
227
158
226
171
226
158
224
151
225
145
224
1000
132
232
139
228
147
226
153
228
159
226
167
229
176
234
168
236
160
237
153
237
147
237
140
235
136
232
147
233
153
234
160
233
172
233
159
228
153
229
147
228
1000
131
233
138
229
145
226
152
228
158
226
167
229
176
234
167
237
159
238
152
238
146
238
138
237
135
233
145
233
152
234
159
233
171
234
159
229
152
229
146
229
1000
129
235
136
231
144
229
150
231
157
229
165
232
175
236
165
239
158
240
151
240
144
239
137
238
133
235
144
236
150
237
157
236
170
236
157
231
150
232
144
231
1000
128
232
136
229
144
228
150
229
157
228
165
230
175
234
165
239
157
241
150
241
144
240
136
238
132
232
144
233
150
234
157
234
171
234
157
233
150
234
144
233
1000
129
233
136
230
143
228
150
230
157
228
165
230
174
235
165
240
157
242
150
243
143
242
136
239
133
233
143
233
150
234
157
233
170
235
157
235
150
236
144
235
1000
130
234
137
230
145
227
151
229
157
228
165
230
174
236
166
243
158
245
151
245
145
244
137
241
134
234
145
233
151
234
157
233
170
236
157
237
151
237
145
236
1000
130
234
137
230
145
228
151
229
157
228
166
231
175
236
166
243
158
246
151
246
145
245
137
241
134
234
145
233
151
234
158
234
171
236
158
237
151
238
145
236
1000
131
233
138
229
145
228
151
229
158
228
166
230
175
235
166
241
158
243
151
243
145
242
137
239
135
233
145
233
151
234
158
233
171
235
158
235
151
236
145
235
1000
130
234
137
230
144
228
150
229
157
228
165
230
174
236
165
242
157
244
150
245
144
244
137
241
134
234
144
233
150
234
157
233
170
236
157
237
150
238
144
236
1000
129
234
136
230
144
228
150
230
158
228
165
231
174
237
165
242
157
244
150
244
143
243
136
240
133
234
144
233
151
234
158
234
170
236
157
237
150
238
143
236
1000
129
234
137
230
144
228
151
230
158
228
166
231
176
236
167
242
158
244
151
244
144
243
137
240
133
234
144
233
151
235
158
234
171
236
158
237
151
238
144
236
1000
128
233
136
230
144
228
151
229
157
228
166
230
176
234
166
239
158
241
151
242
144
241
136
238
132
233
144
233
151
234
158
233
172
234
157
234
151
235
144
233
1000
130
233
137
230
145
229
151
231
158
229
166
231
176
235
166
240
158
243
151
243
145
242
138
239
134
233
145
233
151
234
158
233
171
235
158
236
151
237
145
236
1000
131
234
138
230
145
228
152
230
159
229
167
231
175
237
167
242
158
244
151
244
144
243
138
240
135
234
145
233
152
235
159
234
171
236
158
237
151
238
145
236
1000
131
234
138
230
145
229
151
231
158
230
166
232
175
237
166
243
158
245
151
245
144
244
137
241
134
234
145
234
151
235
158
235
171
237
158
238
151
239
144
237
1000
129
234
136
230
144
228
150
230
158
229
166
231
176
236
167
242
158
245
151
245
144
245
136
241
132
235
144
234
151
235
158
234
172
236
158
238
151
238
144
237
1000
131
234
138
230
145
228
151
230
159
229
166
231
175
237
166
243
159
245
151
245
145
244
138
241
135
234
145
233
151
234
159
234
171
237
158
237
151
237
145
236
1000
130
235
138
231
145
229
151
230
158
229
166
231
176
237
167
242
158
244
151
244
145
243
138
241
134
235
145
234
151
234
158
234
172
237
158
237
151
237
145
236
1000
133
236
140
232
147
230
153
232
160
231
168
233
176
239
168
245
160
247
153
247
146
246
139
243
137
236
147
235
153
236
160
236
172
238
160
240
153
240
147
239
1000
132
235
140
231
147
229
154
231
161
229
169
232
178
237
169
243
161
245
154
246
147
245
139
242
136
235
147
234
154
235
161
235
174
237
161
238
154
238
147
237
1000
133
235
140
231
147
229
154
231
161
230
169
232
177
237
169
242
161
244
154
244
147
243
140
241
137
235
147
234
154
235
161
235
173
237
161
237
154
238
147
236
1000
132
236
139
232
146
230
153
232
160
231
167
233
176
238
167
242
160
244
152
244
146
243
139
241
136
236
146
235
153
236
160
235
172
238
160
237
152
238
146
237
1000
134
235
141
231
147
228
153
230
159
229
166
232
174
237
166
238
159
240
153
240
147
239
141
238
138
235
147
235
153
236
159
236
170
236
159
230
153
231
147
230
1000
131
235
139
231
146
229
152
231
159
229
167
232
176
236
167
238
160
239
153
240
147
239
140
238
136
235
147
236
153
236
159
236
172
236
159
231
153
232
147
231
1000
132
237
140
232
147
230
153
232
161
230
168
233
177
237
169
240
161
241
154
242
147
241
140
240
137
236
147
237
153
237
161
237
173
237
161
233
153
234
147
233
1000
131
233
139
231
147
229
153
231
160
230
169
231
179
235
169
240
160
243
153
243
147
242
139
240
135
234
147
235
153
236
160
235
174
235
160
235
153
236
147
235
1000
130
233
139
230
147
228
154
230
161
229
170
230
180
233
170
239
161
241
154
242
147
241
139
239
134
233
147
234
154
235
161
234
176
233
161
234
153
235
147
234
1000
129
232
138
231
146
229
153
231
160
229
169
231
179
233
169
239
160
242
153
243
146
242
138
239
133
233
146
234
153
235
160
234
175
233
160
235
153
236
146
235
1000
130
233
138
230
146
229
153
231
160
229
169
231
179
235
169
240
160
242
153
243
146
242
138
239
134
233
146
234
153
235
160
234
174
235
160
235
153
236
146
235
1000
130
233
138
230
146
229
153
231
160
229
168
231
179
235
169
240
160
242
153
243
146
242
138
240
134
233
146
234
153
236
160
235
175
235
160
235
153
236
146
235
1000
130
233
139
231
147
229
153
231
160
230
169
231
179
235
169
240
161
243
154
243
147
242
139
240
134
234
147
234
153
236
161
235
175
235
160
235
153
236
147
235
1000
131
233
139
231
147
230
153
231
161
230
169
232
179
235
170
240
161
242
154
243
147
242
139
239
135
233
147
234
153
236
161
235
175
235
161
236
153
236
147
235
1000
131
234
139
231
147
229
153
231
161
230
169
232
179
235
170
240
161
242
153
243
147
242
139
239
135
234
147
235
153
236
161
235
175
235
161
235
153
236
147
235
1000
