195
168
204
164
213
162
220
164
227
162
238
162
248
164
239
173
229
178
221
179
214
179
204
176
198
168
213
166
221
166
228
165
245
165
228
173
221
174
214
173
1000
197
172
205
170
214
168
220
169
227
167
236
167
244
169
237
177
228
182
221
183
215
183
206
180
200
172
214
172
221
172
227
170
242
169
227
176
221
177
214
177
1000
196
174
202
167
208
164
215
165
221
163
229
165
237
170
230
173
223
177
216
178
210
178
203
177
199
173
209
170
215
170
222
168
233
170
222
168
215
170
209
170
1000
193
174
200
167
206
165
212
166
219
164
227
165
234
170
227
174
220
177
213
179
207
179
200
177
196
173
207
170
213
169
220
168
231
170
220
170
213
171
207
171
1000
193
177
199
171
207
169
213
170
219
168
228
169
236
174
229
181
221
186
214
187
208
187
200
184
196
177
207
174
213
173
220
172
233
174
221
178
214
180
207
179
1000
193
176
199
171
206
169
212
170
218
168
227
169
236
173
228
179
220
183
213
184
207
185
199
182
196
176
207
174
213
173
219
172
233
173
219
176
213
178
207
178
1000
192
176
199
170
206
167
212
168
218
166
227
168
236
172
228
178
220
182
213
183
207
183
199
182
195
176
206
173
212
173
219
172
232
173
219
174
213
175
207
175
1000
193
176
199
170
206
167
212
168
218
165
226
168
234
172
227
177
220
181
213
183
207
183
199
181
196
175
206
173
212
172
218
171
231
172
219
174
213
175
207
175
1000
193
175
198
169
205
165
211
166
217
164
226
166
233
172
226
175
219
179
212
180
206
180
199
179
196
174
205
171
211
171
218
169
230
172
218
171
211
172
205
172
1000
195
173
200
167
207
165
212
166
219
164
226
166
234
171
227
174
220
177
213
178
207
178
201
176
197
172
207
170
212
170
219
169
231
171
219
170
213
171
207
171
1000
194
173
200
167
207
164
212
165
219
162
226
165
233
171
227
175
220
178
214
180
208
180
201
177
197
172
207
170
213
170
219
168
230
170
220
170
213
171
207
171
1000
197
175
202
164
208
160
213
161
219
158
226
162
231
171
227
170
221
173
215
174
210
175
203
175
200
173
208
167
214
166
220
165
228
170
220
166
214
167
209
167
1000
198
173
203
164
209
160
215
161
221
159
228
162
234
170
229
174
222
178
216
179
210
179
204
176
201
171
210
167
215
167
221
166
230
169
221
170
215
171
210
171
1000
196
172
202
164
208
160
214
161
220
159
227
161
234
169
228
172
222
175
216
176
210
177
203
175
199
171
209
167
214
166
221
165
230
168
221
168
215
169
209
169
1000
189
170
196
166
205
164
211
165
218
163
229
164
240
168
230
179
220
184
212
185
205
185
197
181
192
170
205
168
212
168
219
166
236
168
219
178
212
179
205
178
1000
185
167
195
163
204
161
211
163
219
160
230
160
241
163
231
173
220
178
212
180
204
180
195
176
189
167
204
166
211
167
219
165
238
164
220
171
212
173
205
172
1000
190
170
197
164
204
162
211
163
218
161
226
163
233
168
226
175
218
179
211
181
204
181
196
177
193
169
205
168
211
168
218
167
229
169
218
172
211
173
204
173
1000
192
179
197
172
204
168
210
169
216
166
224
169
232
175
225
182
218
186
211
187
206
188
198
185
195
178
205
174
210
173
216
172
228
175
217
178
211
179
205
179
1000
187
172
194
167
204
164
211
165
218
162
229
162
240
165
231
176
221
183
213
185
205
186
195
182
190
171
204
169
211
168
219
166
237
166
220
176
212
178
205
178
1000
194
176
201
172
209
170
216
171
222
169
231
169
242
169
233
181
225
186
218
188
211
189
202
185
197
176
209
175
216
174
223
172
238
170
224
179
217
181
211
181
1000
191
176
197
170
205
167
211
168
217
165
226
167
234
172
227
177
219
181
212
183
206
183
198
181
194
176
205
173
211
173
218
171
231
172
218
173
211
175
205
175
1000
191
176
196
170
203
167
210
168
216
166
225
168
233
173
226
178
218
183
211
184
205
185
197
182
194
176
204
173
210
173
217
172
230
173
217
175
211
176
204
176
1000
190
177
196
170
203
167
209
169
216
166
224
169
232
173
225
178
218
181
211
183
204
183
197
181
194
176
203
173
210
173
217
172
229
174
217
173
210
174
203
174
1000
190
177
196
171
204
169
210
170
216
167
225
169
233
173
226
180
218
184
211
186
205
186
197
183
194
176
204
174
210
174
217
173
230
174
217
176
211
178
204
178
1000
187
174
195
172
203
171
209
172
216
170
225
170
236
170
226
180
217
185
210
187
204
187
195
184
190
175
203
175
209
175
216
174
233
172
217
178
210
180
203
180
1000
187
176
194
172
202
170
208
171
214
169
224
170
233
172
225
180
216
185
209
187
202
187
194
184
190
176
202
175
208
175
215
173
230
173
215
178
208
179
202
179
1000
189
176
195
172
203
169
209
170
216
167
225
169
235
172
227
180
218
184
211
186
204
186
196
184
192
176
203
175
210
174
217
173
232
173
217
176
210
178
204
178
1000
182
170
191
166
200
164
208
165
216
162
227
162
238
164
229
178
218
186
210
188
202
188
191
183
185
171
201
168
208
168
216
166
236
165
218
179
210
181
202
181
1000
182
169
190
166
199
165
207
166
214
163
225
163
237
165
227
179
216
185
208
187
200
187
190
182
185
170
199
168
207
168
215
167
234
166
216
179
208
180
200
180
1000
184
175
189
170
196
167
202
168
208
166
217
169
225
175
217
180
208
183
201
184
195
184
189
181
187
175
196
173
202
173
208
172
222
175
208
175
201
176
195
176
1000
187
175
192
169
197
166
203
167
209
165
218
168
227
174
219
178
211
181
204
182
198
182
192
180
190
175
198
172
204
172
210
171
223
174
210
174
204
175
198
174
1000
186
178
191
173
198
170
204
171
210
169
220
171
229
175
220
181
211
186
205
187
198
187
191
184
189
177
198
175
204
175
211
174
226
175
211
178
204
179
198
179
1000
183
172
190
169
198
168
205
169
212
167
222
167
233
168
223
177
213
182
206
184
199
184
190
181
186
173
198
173
205
173
212
171
230
169
213
175
205
177
199
176
1000
185
175
191
172
199
170
206
171
212
168
222
168
232
170
223
179
214
185
207
186
201
187
192
184
188
175
199
175
206
175
213
173
229
171
213
177
206
179
200
179
1000
190
180
195
173
201
169
207
170
212
168
221
171
229
177
222
182
214
185
208
187
202
187
196
185
194
179
201
175
207
175
213
174
226
177
214
178
208
179
202
179
1000
183
173
191
171
199
170
206
170
212
168
222
168
233
169
223
179
214
185
206
187
200
187
191
183
187
174
199
174
206
174
213
173
230
171
213
178
206
180
200
179
1000
185
169
192
166
200
165
207
166
215
164
225
164
236
166
226
176
216
182
208
183
201
183
192
179
188
170
200
169
207
169
215
168
233
167
216
175
208
176
200
176
1000
189
174
196
169
204
166
211
167
218
164
229
164
240
167
231
177
221
183
213
185
206
186
197
183
192
174
204
171
211
171
219
168
236
168
220
176
213
178
206
179
1000
187
176
194
171
203
169
209
170
216
168
226
168
237
170
228
182
218
188
211
190
204
190
195
186
190
176
203
174
209
174
216
172
234
171
218
180
211
182
204
182
1000
188
180
193
174
201
172
208
174
215
171
224
173
233
178
225
187
216
193
208
194
202
194
193
190
191
180
201
178
208
177
215
176
230
178
215
184
208
186
202
185
1000
188
179
194
172
201
169
206
171
213
169
221
171
230
177
222
182
214
186
207
187
201
187
194
184
192
178
201
176
207
176
213
175
226
177
214
177
207
178
201
178
1000
188
177
194
171
201
169
207
170
214
168
221
170
229
175
222
180
214
184
207
185
201
185
194
183
191
177
201
175
207
175
214
174
226
175
214
176
207
177
201
177
1000
188
178
193
171
200
168
206
169
213
167
221
170
229
175
222
181
214
184
207
186
201
186
193
183
191
177
201
175
207
174
214
173
226
175
214
176
207
177
201
177
1000
189
177
194
171
201
168
207
169
213
167
222
170
230
175
222
181
214
184
208
186
202
186
194
183
192
177
201
174
207
174
214
173
226
175
214
176
207
177
201
177
1000
188
178
193
172
200
169
206
170
212
168
221
171
229
176
221
181
213
184
207
185
201
185
194
183
191
178
201
175
206
175
213
174
226
176
213
176
206
177
200
177
1000
187
178
193
173
200
170
206
171
213
169
222
171
231
176
222
182
214
186
207
187
201
187
193
184
190
178
200
176
206
176
213
175
228
176
213
178
207
179
201
179
1000
185
177
191
173
200
172
206
173
212
171
222
172
233
174
223
184
213
189
206
191
200
191
192
187
188
177
199
176
206
176
212
175
230
175
213
182
206
184
200
183
1000
183
174
190
172
199
172
205
173
211
172
220
172
232
173
221
184
211
188
204
189
198
189
190
185
186
175
198
175
205
176
211
175
228
174
211
181
205
182
198
182
1000
186
177
193
172
201
171
207
172
214
170
223
173
233
177
224
187
215
191
207
192
200
192
193
187
189
177
201
176
207
176
214
175
229
178
214
184
207
185
201
184
1000
189
176
195
172
203
170
208
171
214
170
223
172
233
175
224
180
215
183
208
184
203
184
196
182
192
176
203
176
208
176
215
175
230
176
215
176
208
177
203
177
1000
188
176
194
172
201
169
207
170
213
168
222
171
232
176
222
180
214
184
207
184
202
184
194
182
191
176
201
175
207
175
213
175
229
176
214
176
207
177
201
176
1000
177
169
184
162
193
158
200
159
207
157
218
160
230
167
219
180
208
186
200
187
193
187
183
182
180
169
193
163
200
163
208
162
226
167
208
178
201
179
193
178
1000
190
181
196
174
203
171
210
172
216
170
225
172
234
178
226
182
218
186
211
188
205
188
197
186
193
180
204
177
210
177
217
176
230
178
217
178
210
179
204
179
1000
189
179
195
172
202
169
208
171
214
168
222
171
231
177
223
180
215
183
208
184
202
185
195
182
192
178
202
175
208
175
215
174
228
177
215
176
208
177
202
177
1000
188
180
193
173
200
170
206
171
212
169
220
172
228
177
220
181
213
184
206
186
200
186
193
184
191
179
200
176
206
176
213
175
224
177
213
177
206
178
200
178
1000
187
179
192
172
199
170
205
171
212
169
220
171
228
175
221
180
213
184
206
186
199
186
192
183
190
178
199
176
205
176
212
174
225
176
212
176
205
178
199
178
1000
186
180
190
174
198
170
204
171
210
169
219
172
228
177
220
183
212
187
205
189
199
189
191
186
189
179
198
177
205
177
211
176
224
177
211
179
205
180
198
180
1000
186
179
191
173
198
170
204
171
210
168
219
171
227
176
220
180
212
184
205
185
199
185
192
183
190
178
198
176
204
176
211
175
224
176
211
177
205
178
198
178
1000
187
179
191
172
198
169
204
170
211
168
219
170
228
176
220
180
212
184
205
186
199
186
192
183
190
178
198
176
205
175
211
174
225
176
211
176
205
177
198
177
1000
187
179
191
173
198
169
204
170
209
168
218
171
227
177
219
182
211
185
204
186
198
186
191
184
190
178
198
176
204
176
210
175
223
177
210
177
204
178
198
178
1000
187
180
192
174
198
171
204
172
210
170
218
173
227
178
219
184
211
188
205
189
199
189
192
186
190
180
199
177
205
177
211
176
224
178
211
180
205
181
199
181
1000
187
180
192
174
199
171
205
172
210
170
219
172
227
177
220
184
212
188
205
190
200
190
193
187
191
180
199
177
205
177
211
176
224
178
211
180
205
181
199
181
1000
187
181
192
174
200
171
205
172
211
170
220
172
228
178
221
184
213
188
206
190
200
190
193
187
191
180
200
178
206
177
212
176
225
178
212
180
206
182
200
182
1000
186
181
191
174
198
171
205
172
211
170
220
173
228
178
220
183
212
188
205
189
199
189
192
186
189
180
199
177
205
177
211
176
225
178
212
180
205
181
199
181
1000
186
179
191
173
198
170
205
171
211
169
220
171
230
175
222
181
213
185
206
187
200
187
192
185
189
178
199
176
205
176
212
174
227
175
212
178
206
179
199
179
1000
181
173
189
170
198
169
205
170
212
168
223
168
235
170
224
180
214
186
206
188
199
188
189
183
185
173
198
174
205
174
213
172
231
171
213
179
206
181
198
180
1000
186
177
192
174
200
172
207
173
214
171
224
171
236
173
226
184
216
190
209
191
201
192
193
187
189
177
200
177
207
177
214
175
232
174
216
182
208
184
201
183
1000
188
178
194
174
201
172
208
173
215
170
225
170
235
173
227
182
217
187
210
189
203
189
195
186
191
178
202
176
208
176
215
174
232
174
217
180
209
182
203
181
1000
186
179
191
173
199
170
206
171
213
168
222
170
232
175
224
181
215
186
208
188
201
188
193
186
189
179
200
176
206
176
213
174
229
175
214
178
207
180
201
180
1000
186
177
191
171
199
168
205
169
211
166
220
168
229
173
221
178
212
182
206
184
200
184
192
182
189
177
199
174
205
174
212
172
226
173
212
175
205
176
199
176
1000
188
181
192
174
198
170
204
171
210
169
219
172
228
178
220
183
212
186
205
187
199
188
193
185
191
180
199
176
205
176
211
175
224
178
211
179
205
180
199
179
1000
187
180
191
173
198
169
204
170
209
168
218
171
227
177
219
183
211
186
204
188
198
188
192
185
190
179
198
176
204
176
210
175
224
177
210
179
204
179
198
179
1000
188
179
192
173
199
169
205
170
211
168
219
171
228
177
220
180
212
184
206
185
200
185
193
183
191
179
199
176
205
175
211
174
224
176
211
176
205
177
199
177
1000
187
179
192
172
199
169
205
170
211
168
219
171
228
176
220
180
212
183
205
184
200
184
193
183
190
178
199
175
205
175
211
174
225
176
211
175
205
176
199
177
1000
187
179
192
172
198
168
204
170
210
167
219
170
228
176
219
179
211
182
205
183
199
184
193
182
191
178
199
175
204
175
211
174
224
176
211
175
205
176
199
176
1000
188
178
192
172
198
168
204
170
210
167
218
170
227
175
219
178
211
181
205
182
199
182
193
181
190
177
199
174
204
174
211
173
224
175
211
174
204
175
199
175
1000
187
178
192
171
198
168
204
169
210
167
218
170
228
175
219
178
211
180
205
181
199
182
193
180
190
177
199
174
204
173
211
172
224
175
211
173
204
174
199
174
1000
189
176
193
170
199
167
205
168
211
166
219
168
228
173
220
176
212
179
206
180
200
180
194
178
191
175
200
172
205
172
212
171
225
173
212
172
205
173
199
173
1000
