198
231
206
229
215
228
221
230
228
228
238
231
250
234
238
241
228
243
220
243
214
242
205
239
202
232
215
234
221
235
228
235
245
234
227
235
220
235
214
234
1000
198
235
206
231
215
228
222
230
230
229
240
232
251
237
240
243
230
245
222
246
214
245
206
241
202
235
215
235
222
236
230
236
246
237
230
237
222
237
214
236
1000
199
236
206
231
215
229
222
231
230
229
240
232
251
237
240
242
230
245
222
245
215
245
206
242
202
235
215
235
222
236
230
235
246
236
230
236
222
237
215
236
1000
198
235
206
231
214
228
221
230
229
229
239
231
250
236
240
242
229
244
221
245
214
243
205
241
202
234
214
235
222
236
230
235
245
236
229
236
221
236
214
235
1000
199
235
207
231
215
228
222
230
230
229
239
232
251
236
240
242
230
244
222
245
215
244
206
241
202
235
215
235
222
236
230
235
246
236
230
236
222
237
215
235
1000
198
235
206
231
215
229
222
231
230
230
239
232
250
238
239
243
230
245
222
245
215
244
206
241
202
235
216
235
222
237
230
236
245
237
230
236
222
236
215
235
1000
198
237
206
233
215
231
222
233
229
232
238
234
246
240
237
245
228
247
220
247
213
246
205
243
201
237
215
236
222
238
229
237
242
240
228
240
221
241
214
240
1000
198
237
205
231
214
229
221
232
228
231
237
234
245
241
235
247
226
249
218
249
211
247
203
243
201
237
214
235
220
237
228
237
240
240
226
240
219
240
212
238
1000
194
240
202
232
213
229
222
231
232
229
242
233
250
242
241
251
231
255
221
255
211
254
201
249
198
240
213
236
222
237
232
236
245
241
231
244
221
245
212
244
1000
191
231
201
227
212
227
221
229
232
227
244
228
255
234
244
244
231
248
220
249
210
247
199
243
196
232
211
232
221
233
232
232
250
234
231
239
220
240
211
238
1000
191
227
201
222
213
220
223
222
233
220
246
222
257
229
245
241
232
245
222
246
211
244
200
240
196
228
213
226
222
227
233
226
252
229
232
235
222
236
212
235
1000
193
224
203
219
215
217
225
219
235
217
247
219
259
225
248
237
235
242
224
243
214
241
203
236
198
224
215
221
224
222
235
221
254
225
235
234
224
235
215
233
1000
197
222
208
217
219
215
228
217
238
216
249
219
259
226
249
238
237
242
227
242
217
240
206
234
201
223
219
220
228
221
238
220
254
226
237
234
227
234
218
232
1000
198
223
208
217
218
215
226
217
236
216
246
220
255
228
246
241
234
245
224
245
216
242
206
235
202
223
218
220
226
221
235
221
250
228
234
235
225
236
216
233
1000
200
228
208
221
217
217
225
219
234
218
243
222
251
231
242
239
233
242
224
243
215
241
206
237
204
228
217
225
225
226
234
226
246
231
233
232
224
233
216
231
1000
201
226
210
220
219
217
226
219
235
218
244
220
254
226
244
232
234
234
226
234
218
234
209
232
205
226
219
224
226
225
235
224
249
226
234
226
226
227
218
226
1000
200
225
210
220
220
217
227
219
235
218
245
221
254
226
244
231
234
234
226
234
219
233
209
231
204
225
219
224
227
225
235
224
250
226
234
225
226
226
219
225
1000
201
225
210
220
219
217
226
220
234
218
244
221
253
227
243
232
233
235
226
235
219
234
210
231
205
225
219
224
226
225
234
224
249
226
233
226
226
227
219
226
1000
201
225
210
220
219
218
226
220
234
218
244
222
253
227
243
232
233
234
225
234
218
233
209
231
205
225
219
224
226
225
234
225
249
227
233
226
225
227
218
226
1000
200
226
209
221
218
218
225
221
233
219
243
222
252
227
242
233
232
236
224
236
217
235
208
233
204
226
218
225
225
226
233
225
247
227
232
227
224
228
217
227
1000
200
226
209
221
218
219
225
221
233
220
242
223
252
229
241
234
231
236
223
236
217
235
208
232
204
226
218
225
225
227
232
226
247
228
231
227
224
227
217
226
1000
198
226
207
223
216
221
223
223
230
222
238
226
247
231
237
234
228
235
220
235
214
234
205
232
202
226
216
227
222
228
229
228
243
230
228
228
221
228
215
227
1000
196
232
204
226
212
223
219
226
226
225
234
229
241
237
232
240
224
241
216
241
209
240
202
237
200
231
212
230
219
231
226
231
236
236
224
233
217
233
210
232
1000
191
233
197
226
204
224
211
227
218
226
226
231
234
240
224
246
215
247
208
247
201
245
195
240
195
232
204
231
210
233
217
233
228
239
216
237
209
237
203
235
1000
184
238
189
229
197
225
203
228
211
226
221
231
229
241
219
247
210
250
201
251
194
250
187
246
187
237
197
234
203
236
211
235
223
241
210
239
202
239
196
238
1000
183
236
189
227
196
224
202
226
210
225
220
230
228
239
218
245
208
247
200
248
193
246
187
243
187
235
196
231
202
233
210
233
222
238
208
236
201
237
194
235
1000
189
229
195
223
202
220
209
222
216
221
225
224
236
232
225
238
215
239
208
240
202
239
194
235
193
229
202
226
209
227
215
227
230
231
215
232
208
232
202
231
1000
197
222
202
216
208
213
215
215
221
213
231
217
242
223
231
227
221
228
214
228
208
227
202
225
200
221
209
220
215
221
221
221
237
223
221
219
214
219
208
218
1000
196
221
203
216
209
213
215
215
222
214
231
217
242
223
231
226
222
226
215
226
209
225
202
223
200
220
209
220
216
221
222
221
237
222
222
217
215
218
209
216
1000
196
221
203
216
210
214
217
216
223
215
233
217
244
222
234
227
224
228
216
228
209
227
203
225
200
221
210
221
217
221
224
221
239
222
223
219
216
220
210
219
1000
192
225
200
221
208
218
215
220
223
218
233
222
244
227
232
232
222
234
215
234
207
233
199
230
196
225
208
224
215
226
223
225
239
226
222
225
215
226
207
225
1000
194
225
201
220
209
218
216
220
224
218
234
221
245
227
234
231
224
232
216
232
209
232
201
229
198
225
209
224
216
225
224
225
240
227
223
224
216
224
209
223
1000
194
225
201
220
209
217
216
219
223
217
233
220
244
226
233
231
223
232
215
232
208
231
201
229
198
224
209
224
216
225
223
224
239
226
223
223
215
224
208
223
1000
194
224
203
220
211
218
218
220
225
218
236
220
248
224
237
230
226
233
218
233
211
233
202
230
198
225
211
225
218
225
226
225
243
224
226
224
218
225
211
224
1000
195
221
203
216
212
214
220
216
229
214
241
216
253
221
242
231
230
234
221
234
213
233
204
229
200
221
212
221
221
222
229
221
248
222
230
224
221
225
213
224
1000
197
220
205
214
216
213
225
215
235
213
248
214
259
220
249
234
237
240
226
241
216
239
206
233
201
221
216
219
225
220
236
219
254
220
236
230
226
231
216
229
1000
198
220
207
213
217
211
225
213
234
211
246
212
258
218
247
227
236
231
226
232
217
231
207
228
203
220
216
218
225
219
235
218
253
218
235
222
225
223
216
222
1000
201
225
209
217
220
215
228
216
238
214
251
216
263
222
254
237
241
243
231
244
222
243
211
237
205
224
220
219
229
219
238
218
258
222
239
234
230
235
221
234
1000
199
223
207
215
218
212
227
214
237
212
251
214
262
221
253
237
240
244
229
245
220
244
208
237
203
223
218
217
227
218
237
217
258
221
238
235
228
236
219
235
1000
197
228
204
223
212
220
220
222
228
220
238
221
249
227
238
234
228
236
220
237
212
236
204
234
200
227
213
226
220
227
228
226
244
226
227
228
220
229
212
228
1000
194
227
201
222
209
219
216
221
224
219
234
222
246
227
235
232
224
234
216
234
209
234
201
232
197
227
209
226
216
227
224
226
241
227
224
225
216
226
209
225
1000
194
227
201
222
209
219
216
221
224
219
234
222
245
227
234
232
224
234
216
234
209
233
201
231
198
226
209
226
216
227
224
226
240
227
224
225
216
226
209
225
1000
193
227
200
222
209
219
216
221
224
219
234
222
245
227
234
233
224
234
216
235
208
234
200
232
197
227
208
226
216
227
224
226
240
227
224
226
216
227
208
226
1000
195
227
202
222
209
219
216
221
224
219
234
222
245
227
235
232
224
234
216
235
209
234
202
231
199
227
209
226
216
226
224
226
241
227
224
226
216
227
209
226
1000
194
226
201
221
209
219
216
221
224
219
234
222
245
227
234
233
224
234
216
234
209
233
201
231
198
226
209
226
216
227
224
226
240
227
223
225
216
226
209
225
1000
196
227
203
221
210
218
216
220
223
218
233
222
244
228
233
232
223
232
216
232
209
231
202
230
200
226
210
226
216
226
224
226
239
227
223
223
216
223
209
222
1000
193
226
200
221
208
219
216
222
224
220
233
223
243
230
233
236
222
237
214
237
207
236
199
233
197
226
208
226
216
227
223
227
238
229
223
229
215
229
208
228
1000
191
225
198
221
206
219
214
222
222
221
233
224
243
230
232
238
221
241
212
241
204
239
196
234
195
225
206
226
214
227
222
227
238
230
221
232
213
233
205
231
1000
188
223
197
218
207
216
216
218
226
217
238
219
249
226
238
241
225
247
215
247
206
245
195
238
192
224
207
221
216
223
225
222
244
226
225
237
216
238
207
236
1000
188
214
197
210
208
209
217
211
227
210
241
211
253
214
241
232
228
239
217
240
207
239
196
231
192
216
208
215
217
217
227
216
248
215
227
228
217
230
207
228
1000
187
214
197
210
208
209
217
211
227
209
240
210
253
213
241
229
228
235
217
236
207
235
196
229
192
215
208
215
217
216
227
215
248
215
227
226
217
227
208
225
1000
188
214
197
211
209
210
218
212
228
210
241
211
253
214
241
230
228
236
217
237
208
235
196
229
192
216
208
216
218
217
228
216
248
215
228
225
218
227
208
225
1000
189
222
197
216
208
214
218
216
228
214
241
217
253
225
242
239
229
243
218
244
208
242
197
236
194
223
208
219
218
220
228
219
248
224
228
234
218
235
208
233
1000
194
227
202
222
210
219
218
221
226
219
236
222
247
228
236
235
226
237
217
238
210
237
201
234
198
227
210
226
218
227
226
227
242
228
226
228
217
229
210
228
1000
194
225
202
220
210
218
218
219
226
218
236
221
247
227
236
234
226
236
217
237
209
236
201
232
198
225
210
224
217
225
226
224
242
227
226
227
217
228
210
226
1000
193
225
201
221
210
218
218
220
226
218
237
221
248
227
237
235
226
237
218
238
210
237
201
233
197
225
210
224
218
225
226
224
243
227
226
228
218
229
210
228
1000
194
226
202
221
210
219
218
220
226
219
237
222
247
228
237
234
226
237
218
237
210
236
201
233
199
226
210
225
218
226
226
226
242
227
226
227
218
228
210
227
1000
194
228
201
223
210
220
217
222
225
220
236
223
247
228
236
235
225
238
217
239
209
238
201
234
198
228
210
227
217
228
225
227
242
228
225
228
217
229
209
228
1000
195
226
202
221
210
219
217
221
225
220
235
223
246
228
235
232
225
233
217
233
209
232
202
230
199
226
210
226
217
227
225
227
241
228
224
224
217
224
210
223
1000
196
226
204
222
211
220
218
221
225
220
235
223
246
228
235
233
225
234
217
234
211
233
203
231
201
226
211
227
218
228
225
227
241
228
225
225
218
225
211
224
1000
195
227
203
223
211
221
218
223
226
221
236
223
246
228
236
234
226
236
218
237
210
236
202
233
199
227
211
227
218
228
226
227
242
228
226
227
218
228
211
227
1000
196
228
204
223
212
221
219
223
227
221
237
224
247
228
237
235
227
237
219
238
211
237
203
234
200
228
212
228
219
229
227
228
243
228
227
228
219
229
212
228
1000
196
227
204
222
212
219
219
221
227
220
237
223
248
228
237
235
227
237
218
237
211
236
203
233
200
227
211
226
219
227
227
227
243
228
226
228
218
228
211
227
1000
