162
136
169
131
176
128
182
130
188
127
197
131
205
136
197
139
188
142
181
143
176
142
168
140
165
136
176
134
182
135
188
134
202
136
188
133
181
134
176
133
1000
162
136
169
130
176
127
182
129
188
127
198
130
206
136
198
139
188
141
182
142
176
141
168
140
165
136
177
134
182
134
189
133
203
136
188
133
182
134
176
133
1000
162
136
168
131
176
127
181
129
188
127
197
131
205
136
197
139
188
141
181
142
176
142
168
140
165
136
176
135
182
135
188
134
203
136
188
134
182
134
176
134
1000
162
137
167
130
175
127
181
129
187
126
196
130
204
137
197
142
188
145
181
146
175
145
168
143
165
137
175
134
181
134
187
133
201
136
187
137
181
137
176
137
1000
162
136
167
130
175
127
181
129
187
127
196
130
204
136
196
142
187
145
181
146
175
146
167
143
165
136
175
134
181
134
187
133
201
136
187
137
181
138
175
137
1000
162
136
168
130
176
126
181
128
188
126
197
130
204
136
196
141
188
144
181
145
175
145
168
142
165
135
175
133
181
134
188
133
201
135
188
136
181
137
175
136
1000
161
134
167
128
175
124
180
126
186
124
196
128
204
134
196
140
186
143
180
143
174
143
166
140
164
134
175
132
180
132
186
131
201
134
186
135
180
135
175
135
1000
161
133
167
128
175
125
181
127
187
125
196
127
204
133
196
136
187
139
181
139
175
139
167
137
164
133
175
131
181
132
188
131
201
132
187
131
181
132
175
131
1000
162
135
167
129
175
125
181
127
187
125
196
128
204
134
196
139
188
142
181
143
175
143
168
140
165
134
175
132
181
132
187
131
201
134
187
135
181
136
175
135
1000
161
134
167
128
175
124
180
126
187
124
196
127
205
133
196
137
187
140
181
141
175
140
168
138
164
134
175
131
181
131
187
130
202
133
187
132
181
133
175
132
1000
161
133
167
127
175
123
180
125
187
123
196
127
204
133
196
136
187
139
180
140
174
139
167
137
164
132
175
130
181
131
187
130
201
132
187
130
180
131
174
131
1000
160
136
166
129
174
125
180
126
186
124
196
128
204
135
196
142
187
146
180
147
174
146
166
143
163
136
174
132
180
132
187
131
201
135
187
137
180
137
174
137
1000
160
135
166
129
174
126
180
127
186
125
196
129
204
135
196
139
186
142
180
143
174
143
166
141
163
135
174
133
180
133
186
132
201
134
186
135
180
135
174
135
1000
160
134
167
129
174
126
180
128
186
126
194
129
203
134
194
138
186
141
179
141
174
141
166
139
163
133
174
132
180
132
186
131
200
133
186
134
180
134
174
133
1000
160
135
166
129
174
126
179
128
185
126
194
129
203
134
194
138
185
140
179
141
173
140
166
138
163
134
174
133
180
133
186
132
200
134
185
132
179
133
174
133
1000
161
135
167
129
174
126
179
127
184
125
194
129
203
134
194
137
185
140
180
140
175
140
168
139
164
135
175
133
179
133
185
132
200
134
185
132
180
133
175
133
1000
160
134
166
128
174
125
179
127
185
125
194
129
203
134
194
137
185
140
179
141
174
140
167
138
164
134
174
132
179
132
185
131
199
133
185
132
179
132
174
132
1000
160
137
166
130
174
126
180
127
186
125
195
129
203
137
195
142
186
146
180
147
173
146
165
143
163
137
174
133
180
133
186
132
200
136
186
137
180
138
174
138
1000
159
134
166
129
173
125
179
127
186
125
195
129
204
134
195
138
186
140
179
141
173
140
166
139
162
134
173
132
179
132
186
131
200
134
186
133
179
133
173
133
1000
159
135
165
129
173
126
178
127
184
125
194
128
202
135
194
139
185
142
178
143
173
142
165
140
163
135
173
132
179
132
185
132
199
134
185
134
179
135
173
134
1000
159
134
165
128
173
125
178
126
185
124
194
128
203
134
194
138
185
141
178
142
172
142
165
139
162
134
173
132
179
132
185
131
199
134
185
133
179
134
172
133
1000
160
134
166
128
173
125
179
126
185
125
194
128
202
135
194
139
185
142
178
143
172
142
166
139
163
134
173
132
179
132
185
131
199
134
185
134
179
134
173
134
1000
159
134
166
128
174
125
179
127
185
125
195
129
205
134
195
137
185
139
179
140
173
140
166
138
163
133
174
132
180
133
186
132
201
134
185
131
179
132
173
131
1000
160
134
166
128
173
125
179
126
186
124
195
128
205
134
196
137
186
140
179
141
173
140
166
138
163
133
173
132
179
132
186
131
201
133
186
131
179
132
173
131
1000
160
134
166
128
173
125
179
126
186
124
195
128
204
134
195
137
186
140
179
140
173
140
166
138
163
134
173
131
179
131
186
130
201
133
186
132
179
133
173
132
1000
159
135
165
129
174
125
180
127
186
125
196
129
204
135
195
139
186
142
179
143
173
142
166
140
163
135
174
132
180
132
186
132
201
135
186
134
180
134
174
134
1000
160
134
166
128
174
124
179
126
184
124
194
128
203
134
194
136
184
138
179
139
173
138
166
137
164
134
174
131
179
132
185
131
200
133
184
131
179
131
174
131
1000
160
135
166
128
174
124
179
125
185
123
195
127
203
134
194
138
185
140
179
141
173
141
166
139
163
134
174
131
179
131
185
130
200
134
185
133
179
133
174
133
1000
160
134
166
127
174
123
179
125
184
123
194
128
203
134
194
138
185
140
179
140
173
140
166
138
164
134
174
131
179
131
185
131
200
133
185
132
179
132
174
132
1000
160
134
166
128
173
124
179
126
185
123
194
128
203
134
194
137
185
140
179
141
173
140
166
138
163
134
174
131
179
131
185
130
199
133
185
132
179
132
174
132
1000
160
135
166
128
174
124
179
126
185
124
194
128
203
135
194
138
185
140
179
141
173
140
166
138
164
134
174
131
179
131
185
131
199
134
185
133
179
134
173
133
1000
160
134
166
128
173
124
178
126
184
124
194
128
202
134
193
137
184
139
178
139
172
139
165
137
163
134
173
131
179
131
185
131
199
134
184
132
178
132
173
132
1000
159
134
165
128
172
124
178
125
184
123
194
127
203
134
194
137
184
139
178
139
172
139
165
138
162
134
173
131
178
131
184
130
200
133
184
131
178
131
173
131
1000
160
134
166
128
174
124
179
126
185
124
195
128
203
134
195
138
185
141
179
141
173
141
166
139
163
134
174
131
179
131
185
131
200
133
185
133
179
134
174
133
1000
159
132
166
127
173
124
179
126
185
124
195
128
204
132
195
135
185
138
179
139
173
138
166
136
162
132
173
131
179
131
186
130
201
132
185
130
179
131
173
130
1000
159
134
166
128
173
124
179
126
184
124
194
128
204
133
195
136
185
139
179
140
173
140
166
138
162
134
173
132
179
132
185
131
201
133
185
130
179
131
173
131
1000
160
134
166
127
173
124
178
125
184
123
194
127
204
133
194
137
185
139
179
139
173
139
167
137
164
133
174
131
179
131
184
130
200
133
184
130
179
131
173
130
1000
162
133
167
127
174
124
179
126
185
124
194
127
204
132
195
136
186
138
180
139
175
139
168
137
165
132
174
131
180
131
186
130
200
132
186
130
180
131
174
130
1000
162
133
168
128
175
124
179
126
185
124
194
127
203
132
194
136
186
138
180
139
175
139
169
137
166
133
175
131
180
131
185
130
200
132
185
130
180
131
175
130
1000
160
134
166
127
173
124
178
126
184
124
193
127
203
133
194
136
185
138
179
139
173
139
166
137
164
133
173
131
179
131
185
131
199
132
185
130
179
130
173
130
1000
160
134
166
128
173
125
178
126
184
124
193
128
203
133
194
137
185
139
179
140
174
140
167
138
163
133
173
132
179
132
185
131
199
133
185
131
179
131
174
131
1000
