193
189
200
184
207
181
212
183
218
181
226
184
233
188
226
192
218
196
212
197
207
196
200
193
196
188
207
187
212
187
218
186
230
188
218
188
212
188
207
188
1000
191
187
198
182
205
180
211
182
217
179
224
182
231
187
225
190
218
194
211
195
205
194
198
192
194
187
205
186
211
186
218
185
228
186
217
185
211
186
205
186
1000
180
189
186
183
193
180
199
181
205
178
214
180
223
185
215
190
207
194
200
196
194
196
187
194
183
188
193
186
199
185
206
184
219
185
206
187
200
189
194
189
1000
179
190
184
184
192
181
197
182
203
180
212
182
220
187
213
193
205
197
198
199
192
199
185
196
182
190
192
187
197
187
204
185
217
187
204
189
198
191
192
191
1000
178
186
183
180
190
177
196
179
203
176
211
179
220
184
212
189
204
193
197
195
191
195
184
192
181
185
190
184
196
184
203
182
216
184
204
185
197
186
190
186
1000
177
186
182
180
190
177
196
179
203
176
212
179
221
184
213
189
204
193
197
194
191
194
183
191
180
185
190
184
197
184
204
183
217
184
204
185
197
186
190
186
1000
178
187
183
181
190
178
196
180
202
177
211
180
219
185
212
190
204
195
197
196
191
197
183
193
181
187
190
185
196
185
203
184
216
185
203
187
196
188
190
188
1000
177
188
183
182
190
180
196
181
202
179
210
181
220
185
211
189
203
193
196
194
191
194
184
192
180
187
190
185
196
185
203
184
216
185
202
186
196
187
190
187
1000
176
188
182
183
189
180
195
181
201
179
209
181
219
185
210
190
202
194
195
195
190
196
183
193
179
188
189
186
195
186
201
184
215
185
201
187
195
188
189
188
1000
175
189
180
183
187
180
193
181
199
179
207
182
216
187
208
191
200
195
193
196
188
197
181
194
177
189
187
187
193
186
199
185
212
187
199
187
193
188
188
188
1000
176
191
181
184
188
180
193
181
199
179
208
182
216
187
209
193
201
197
195
198
189
198
182
196
179
190
188
187
194
187
200
186
212
187
200
187
194
188
189
188
1000
174
192
180
185
187
182
192
184
198
181
206
184
215
189
207
194
199
199
193
200
187
200
180
197
178
191
187
189
192
189
198
187
211
189
199
190
193
192
187
191
1000
174
192
179
186
186
183
192
184
198
182
207
185
215
191
208
197
199
201
192
203
186
203
179
199
177
192
186
189
192
189
199
188
212
191
199
193
192
194
186
194
1000
175
190
180
184
187
182
193
183
199
181
208
183
216
188
209
192
201
196
194
197
188
197
181
195
178
189
187
187
193
188
200
187
212
188
200
188
193
189
188
189
1000
173
191
179
185
185
182
191
183
198
181
206
183
215
189
207
192
199
196
193
197
186
197
179
195
176
190
186
188
192
188
198
187
211
188
199
188
192
189
186
189
1000
174
192
179
186
187
183
193
184
199
182
208
184
216
190
209
196
200
201
193
202
187
202
180
199
177
192
187
189
193
189
199
188
213
190
200
193
193
194
187
194
1000
175
192
180
185
187
182
193
183
200
181
208
183
217
189
209
192
201
196
194
198
188
198
181
196
178
191
187
189
193
189
200
187
214
188
201
188
194
189
188
189
1000
176
191
181
185
188
182
194
184
200
181
209
184
217
189
209
193
201
196
194
198
188
198
182
195
179
191
188
189
194
189
201
188
214
189
201
188
194
189
188
189
1000
175
191
180
185
187
183
193
184
200
182
208
184
217
188
209
192
201
196
194
197
187
197
181
195
178
190
187
189
193
189
200
187
214
188
200
188
193
189
187
189
1000
176
192
182
186
188
183
194
184
201
182
210
185
219
189
211
194
202
198
195
200
189
199
183
197
180
191
189
189
194
189
201
188
215
189
202
191
195
191
189
191
1000
176
191
181
186
188
183
194
184
200
182
209
184
219
188
210
194
201
199
194
200
189
200
182
197
179
191
188
189
194
189
201
188
215
188
201
191
194
192
188
192
1000
175
191
180
186
187
183
193
184
199
182
208
184
217
189
209
195
201
199
194
200
188
200
181
197
178
191
188
189
193
189
199
188
214
189
200
191
194
192
188
192
1000
176
189
181
183
187
180
194
182
201
179
210
181
219
185
212
191
204
196
196
197
189
197
182
194
179
188
188
186
195
187
202
185
215
185
203
188
195
189
188
189
1000
175
191
180
185
187
182
194
183
200
181
209
183
219
187
211
193
202
198
195
199
188
199
181
197
178
190
188
188
194
188
201
187
215
187
201
190
194
191
188
191
1000
175
192
181
186
187
183
193
184
199
182
209
185
219
189
209
194
201
198
194
199
188
199
181
196
179
191
187
189
193
189
200
188
215
189
200
190
193
191
188
190
1000
174
191
180
186
187
182
193
184
199
181
208
184
218
188
209
195
200
200
194
201
188
201
180
198
177
191
187
188
193
188
200
187
214
188
200
192
193
193
187
193
1000
175
191
181
185
187
182
193
183
199
181
208
183
217
187
209
194
201
198
194
199
188
199
181
196
178
190
188
188
193
188
200
187
213
188
200
190
194
191
188
191
1000
175
191
180
185
187
182
193
184
200
181
208
184
217
188
209
194
201
198
194
200
188
200
181
197
178
191
188
188
194
188
200
187
214
188
200
190
194
192
188
191
1000
174
191
180
185
187
182
193
183
199
181
208
184
217
189
209
194
200
199
193
200
187
200
180
197
178
191
187
189
193
189
199
187
213
189
199
191
193
192
187
191
1000
175
191
180
186
187
183
193
184
199
182
208
184
217
188
209
194
201
198
194
199
188
199
181
197
178
191
187
189
193
189
200
187
214
188
200
190
194
192
188
191
1000
175
187
180
182
187
180
193
182
200
179
208
181
217
185
209
192
201
197
194
198
188
198
181
194
178
187
187
185
193
186
200
184
213
185
200
189
194
190
187
190
1000
175
191
180
185
186
182
192
183
198
180
207
183
217
189
208
193
199
197
193
199
187
199
181
196
178
191
187
188
192
188
198
187
213
188
199
190
193
191
187
191
1000
176
192
181
185
187
182
193
183
199
181
207
183
216
188
208
193
200
197
194
199
188
199
182
197
179
191
187
188
193
188
199
187
212
188
200
189
193
190
188
190
1000
176
193
181
186
187
183
192
184
198
182
207
184
216
189
208
195
200
199
194
201
188
201
182
198
180
192
188
189
193
189
198
188
212
189
199
191
193
192
188
192
1000
175
194
180
188
187
185
193
186
199
184
208
186
216
191
209
198
201
202
195
204
188
204
181
201
178
194
187
191
193
191
200
190
212
191
201
194
194
195
188
195
1000
173
192
178
186
185
184
192
185
198
182
207
184
216
188
207
195
199
200
192
202
186
202
179
199
176
191
186
190
192
190
198
189
213
189
199
192
192
193
186
193
1000
172
191
178
185
185
183
191
184
197
182
206
184
215
188
207
194
198
198
192
200
185
200
178
197
175
190
185
189
191
189
198
188
212
189
198
191
191
192
185
191
1000
173
192
178
186
185
183
191
184
197
182
206
184
216
189
207
195
199
199
192
201
186
200
179
198
176
191
185
189
191
189
198
188
212
189
198
191
192
192
185
192
1000
173
192
178
186
185
183
191
185
197
182
207
184
216
189
207
195
199
199
192
201
185
201
179
198
176
191
185
190
191
190
198
189
213
189
198
191
191
192
185
192
1000
173
193
179
186
185
183
191
184
197
182
206
184
216
189
207
196
199
201
192
202
186
202
179
199
177
192
185
190
191
189
198
188
212
189
198
193
192
194
186
194
1000
173
196
177
190
183
187
188
188
194
186
203
188
212
193
204
198
195
203
189
204
184
204
178
202
176
196
183
193
188
193
194
192
209
193
195
195
189
196
183
196
1000
174
195
178
189
183
186
189
188
195
185
204
188
213
192
205
198
197
202
190
203
185
203
179
201
177
194
184
192
189
192
195
191
210
192
196
194
190
195
184
195
1000
172
194
177
189
184
186
189
187
195
184
204
186
214
190
205
197
197
202
190
204
185
204
178
201
175
194
184
192
189
192
196
190
210
191
196
194
190
195
184
195
1000
172
194
177
188
183
186
189
186
195
184
204
186
214
191
206
199
197
204
190
205
185
206
178
202
175
194
183
191
189
191
195
190
211
191
196
196
190
197
184
197
1000
171
193
176
188
183
185
189
186
195
183
204
185
214
189
205
196
196
201
190
202
184
202
177
199
175
193
183
191
189
191
195
189
210
190
196
193
189
194
184
194
1000
172
194
176
188
183
185
188
186
194
184
203
186
213
190
204
196
196
201
189
202
184
203
177
200
175
193
183
191
188
191
194
190
210
191
195
193
189
194
183
194
1000
172
194
176
188
183
184
188
185
194
183
204
185
213
191
205
197
195
202
189
204
184
204
177
201
175
193
183
191
189
191
195
189
210
191
195
194
189
195
183
195
1000
172
192
176
186
182
184
188
185
194
182
203
184
213
188
204
194
196
198
189
199
184
200
177
197
175
191
183
190
189
190
195
188
210
189
195
190
189
191
183
191
1000
171
191
176
186
184
183
190
184
195
181
205
183
215
187
206
193
197
198
190
199
184
200
177
197
174
191
184
189
190
189
196
188
211
187
196
190
190
191
184
191
1000
172
192
177
186
183
183
189
184
195
182
205
183
215
188
206
194
197
198
191
200
185
200
178
198
175
191
184
190
190
189
196
188
211
188
196
191
190
192
184
192
1000
172
192
178
186
185
183
191
184
196
181
206
183
215
188
207
193
198
198
192
200
186
200
179
197
176
191
185
189
191
188
197
187
212
188
198
190
191
191
185
191
1000
172
192
177
186
184
183
191
184
197
182
206
183
216
187
208
193
199
198
192
200
186
200
178
197
176
191
185
189
191
189
197
188
212
188
198
190
192
191
185
191
1000
173
191
178
185
185
182
191
183
197
181
206
183
216
188
207
192
198
197
192
198
186
198
179
196
176
190
185
188
191
188
197
187
212
188
198
189
191
190
185
190
1000
174
192
179
186
185
183
191
184
196
182
206
184
215
189
207
196
198
200
192
202
186
202
180
199
178
192
185
190
191
190
197
188
211
190
198
192
191
194
186
193
1000
174
191
179
186
185
184
191
185
197
182
205
184
215
188
207
195
198
199
192
201
186
201
180
198
177
191
186
189
191
189
197
188
211
188
198
192
191
193
186
192
1000
172
189
178
183
185
180
191
181
197
179
207
180
215
185
207
191
199
195
192
197
186
197
178
194
176
188
185
187
191
187
198
185
211
185
198
187
192
188
186
188
1000
175
190
179
184
186
181
192
182
198
179
207
182
216
187
209
194
200
199
193
200
187
200
180
196
178
189
186
187
192
187
199
186
213
187
199
190
193
191
186
191
1000
176
189
180
183
186
180
192
182
198
179
207
181
216
186
208
193
199
197
193
199
187
199
180
195
179
188
187
187
192
187
199
186
212
186
199
189
193
190
187
190
1000
177
186
181
180
188
177
193
179
199
176
207
179
216
184
208
189
200
193
194
194
188
194
182
191
180
186
188
184
193
184
199
183
213
184
200
184
194
185
188
185
1000
177
186
182
181
188
178
194
180
200
177
210
179
220
182
211
187
202
190
195
192
190
192
183
190
180
185
189
185
194
184
201
183
217
182
201
182
195
183
189
183
1000
177
183
182
178
188
175
194
177
200
175
210
177
221
180
211
185
202
188
195
190
189
190
183
188
181
183
189
182
194
182
201
181
217
181
201
180
195
181
189
181
1000
177
182
182
178
189
175
195
176
201
174
210
176
220
179
211
184
202
188
195
189
190
189
183
187
180
182
189
181
195
181
202
180
216
180
202
180
195
181
189
181
1000
176
183
181
178
187
175
193
176
199
174
208
176
219
180
210
184
201
187
194
188
188
188
182
187
179
183
187
182
193
182
200
180
215
180
200
179
194
180
188
180
1000
176
182
181
177
187
174
193
175
199
173
208
175
219
179
209
183
200
187
194
188
188
188
182
186
179
181
188
180
193
180
200
178
215
179
200
178
193
180
187
180
1000
