130
235
138
233
146
231
152
232
159
231
169
232
179
234
170
241
161
245
154
246
147
245
138
242
133
236
146
236
153
237
160
235
175
235
160
238
153
239
146
238
1000
131
236
139
233
146
231
153
232
159
231
168
232
179
236
169
241
161
245
154
245
147
245
139
242
135
236
147
236
153
237
160
236
174
236
160
237
153
238
147
238
1000
131
235
138
233
146
231
153
233
160
231
169
233
179
235
169
241
161
244
154
245
147
244
139
242
135
235
147
236
153
237
160
236
174
235
160
237
153
238
147
237
1000
131
235
139
233
147
231
153
232
160
231
168
232
178
235
169
241
161
244
154
245
147
244
139
242
135
236
147
236
153
237
160
236
174
235
160
237
153
238
147
237
1000
131
235
139
233
146
231
152
232
159
231
168
232
178
235
169
241
160
245
153
246
147
245
139
242
135
236
147
236
153
237
159
236
174
235
160
237
153
238
147
237
1000
131
235
139
233
147
232
152
233
159
232
168
233
178
235
169
241
160
244
153
245
147
244
139
242
135
236
147
236
153
237
159
236
174
236
159
238
153
239
147
238
1000
130
235
138
233
146
231
153
233
160
231
168
233
178
235
169
241
161
243
153
244
147
243
139
241
134
235
146
236
153
237
160
236
174
235
160
237
153
238
146
237
1000
131
235
138
232
146
231
152
232
159
231
168
232
178
235
169
241
160
243
153
244
146
243
139
241
135
235
146
236
152
237
160
235
174
235
160
236
153
237
146
236
1000
132
236
139
233
146
232
152
233
159
232
167
233
176
236
168
241
160
244
153
245
147
244
139
242
136
236
146
236
152
237
159
236
173
236
160
238
153
239
146
238
1000
132
236
139
233
146
231
152
233
159
231
166
233
175
236
167
238
159
240
153
240
146
240
139
238
136
236
146
236
152
237
159
236
171
236
159
232
152
233
146
232
1000
133
236
140
231
146
229
153
230
159
229
167
231
176
235
167
237
160
239
153
239
147
239
140
238
137
235
146
235
153
236
160
235
171
235
160
231
153
232
147
231
1000
132
235
140
231
147
229
153
231
160
229
168
231
178
234
169
239
161
242
154
242
148
242
140
240
136
235
147
234
153
235
160
234
174
234
160
235
154
236
147
235
1000
134
234
141
230
148
228
155
230
162
228
170
230
179
233
170
238
162
240
155
241
149
241
141
239
137
234
149
233
155
234
162
233
175
233
162
234
155
235
149
234
1000
135
234
142
230
149
228
155
230
161
228
168
231
177
235
168
236
162
237
155
238
150
237
143
236
139
233
149
233
155
234
161
233
173
234
161
230
155
231
149
230
1000
133
227
142
224
149
222
155
224
161
223
169
225
177
228
169
230
161
232
155
232
148
232
141
231
137
227
149
228
155
229
161
228
173
228
161
224
155
225
148
224
1000
137
231
144
227
150
225
156
227
163
226
170
228
178
232
170
233
163
234
156
234
150
233
144
232
141
231
150
232
156
233
163
232
174
232
163
225
156
226
150
225
1000
135
233
142
229
150
226
156
228
163
226
171
229
180
233
172
237
164
240
156
240
150
240
142
238
138
233
150
232
156
233
163
232
176
232
163
232
156
233
150
232
1000
135
233
142
229
149
227
156
229
163
227
171
229
180
233
172
238
163
240
156
241
150
240
142
238
138
233
149
232
156
233
163
232
176
232
163
233
156
234
149
233
1000
133
233
141
229
149
227
155
229
162
227
171
229
180
233
171
238
163
240
155
241
149
240
141
238
137
233
149
233
155
234
162
233
176
233
162
232
155
233
149
232
1000
134
233
142
230
150
228
156
230
164
228
172
230
181
233
172
238
164
241
157
241
150
241
142
238
138
233
150
233
156
234
164
233
177
233
164
234
157
235
150
234
1000
134
233
142
229
150
227
157
229
164
227
172
229
181
233
173
239
165
242
157
242
150
242
143
239
138
233
150
232
157
233
164
232
177
233
164
235
157
236
150
235
1000
135
233
142
230
150
228
156
230
163
228
171
230
180
233
172
240
164
242
157
243
150
242
142
240
139
233
150
233
156
234
163
233
176
233
163
235
156
236
150
235
1000
133
232
141
229
149
227
155
229
163
227
171
229
180
233
171
239
163
241
156
242
149
242
141
239
137
232
149
232
155
233
163
232
176
233
163
235
156
236
149
235
1000
134
233
141
229
149
228
156
229
163
228
171
229
180
234
172
240
163
243
156
244
150
243
142
240
138
233
149
232
156
233
163
232
176
234
163
236
156
237
149
236
1000
134
236
141
231
149
229
156
231
164
229
172
231
181
236
173
242
164
244
157
245
150
244
142
242
138
235
149
234
156
235
164
234
177
236
164
238
156
238
149
237
1000
135
235
142
230
149
228
155
229
162
227
170
230
178
234
170
236
163
237
156
237
150
237
143
236
139
234
149
234
156
235
162
234
174
234
162
228
156
229
150
228
1000
135
235
143
231
150
228
156
230
163
228
170
230
179
234
170
235
163
235
156
236
150
236
143
236
139
235
150
235
156
236
163
235
174
234
163
227
156
227
150
227
1000
135
233
143
230
150
228
156
230
164
228
171
230
180
234
171
234
164
235
157
235
151
235
144
235
139
233
150
234
157
235
164
234
176
234
164
227
157
227
151
227
1000
134
234
142
230
150
228
156
230
163
229
172
230
181
234
172
239
164
241
156
242
150
241
142
239
137
234
150
234
156
235
164
234
177
234
163
234
156
235
150
234
1000
135
233
143
230
150
228
157
230
164
229
171
230
180
233
172
238
164
241
157
241
150
240
143
238
139
233
150
233
157
234
164
233
176
233
164
235
157
236
150
234
1000
133
231
142
227
150
226
157
227
165
225
173
226
182
229
174
234
165
236
157
237
150
237
142
235
137
231
150
231
157
232
165
231
178
229
165
228
157
229
150
229
1000
135
232
142
228
151
226
157
228
165
226
173
228
181
233
174
239
165
242
158
243
151
242
143
238
139
232
151
232
157
233
165
232
177
233
165
234
158
235
151
234
1000
135
232
142
228
150
226
157
228
165
227
173
229
182
234
174
240
166
242
158
243
150
242
142
239
139
232
150
232
157
233
165
232
178
234
165
235
157
236
150
235
1000
135
232
142
229
150
227
157
229
165
228
173
229
182
233
173
239
165
242
157
243
150
242
143
239
139
232
150
232
157
233
165
232
178
233
165
235
157
236
150
235
1000
134
232
141
228
149
227
156
229
163
227
171
229
181
233
172
239
164
242
156
243
149
242
141
239
138
232
149
232
156
233
163
232
176
233
163
235
156
236
149
235
1000
136
232
143
228
151
226
158
228
165
226
173
228
181
232
173
238
165
241
158
241
151
240
143
238
139
231
151
231
158
232
165
231
177
232
165
234
158
235
151
233
1000
136
232
143
228
151
227
158
229
165
227
173
229
181
234
173
240
165
243
158
243
151
242
143
239
140
232
151
232
158
233
165
232
177
234
164
235
157
236
151
235
1000
135
230
143
227
151
225
157
227
165
225
174
227
183
231
174
238
166
240
158
241
151
240
143
237
138
230
151
230
158
231
165
230
178
231
165
232
157
233
151
232
1000
136
230
143
226
151
225
157
227
164
225
173
227
182
230
173
235
165
238
157
238
151
237
143
235
139
230
151
230
157
231
164
230
178
230
164
230
157
231
151
230
1000
136
231
143
227
151
226
157
228
165
226
173
228
182
232
174
239
165
242
158
242
151
241
143
238
140
231
151
231
157
232
165
231
178
232
165
234
157
235
151
234
1000
135
231
143
227
151
225
157
227
164
225
172
227
181
231
173
238
165
241
157
241
151
241
143
237
139
231
151
230
157
231
164
230
178
231
164
234
157
235
151
233
1000
134
231
142
227
150
225
157
227
164
225
173
227
182
231
174
237
165
240
157
240
150
240
142
237
138
231
150
230
157
231
164
230
178
231
164
233
157
234
150
232
1000
134
231
142
227
150
225
157
227
164
225
173
227
182
231
173
238
165
241
157
242
150
241
142
238
138
231
150
230
157
231
164
230
178
231
164
234
157
235
150
234
1000
135
231
142
227
150
225
157
227
165
226
173
228
182
232
174
239
165
242
157
242
150
241
143
238
139
231
150
230
157
231
165
231
178
232
165
234
157
235
150
234
1000
136
231
143
227
150
225
157
227
164
226
172
228
180
233
172
239
164
242
157
242
150
241
143
238
140
231
150
230
157
232
164
231
176
233
164
234
157
235
150
233
1000
136
231
142
227
150
225
157
227
164
225
172
227
180
233
172
238
164
241
157
241
150
240
142
237
139
231
150
230
157
231
164
230
176
233
164
233
156
234
150
233
1000
135
231
142
227
150
225
156
227
164
225
172
228
180
233
173
239
165
242
157
242
150
242
142
238
139
231
150
230
157
231
164
230
176
232
164
234
156
235
150
234
1000
136
232
143
228
150
226
157
228
164
226
172
228
180
232
172
238
164
240
157
240
150
240
143
237
140
231
151
231
157
232
164
231
176
232
164
233
157
234
150
233
1000
137
232
145
227
152
225
157
227
164
225
172
227
180
232
172
236
165
237
158
238
152
237
145
236
142
232
152
232
158
232
164
232
175
232
164
228
158
229
152
228
1000
135
231
143
226
150
224
156
226
163
224
171
227
179
231
171
234
163
236
156
236
150
235
143
234
139
230
150
230
156
231
164
231
175
231
163
227
156
228
150
227
1000
136
232
143
227
151
225
157
227
164
225
172
228
180
232
172
235
164
237
157
237
151
237
144
235
140
231
151
232
157
233
164
232
176
232
164
228
157
228
151
227
1000
136
232
143
227
151
225
157
226
164
225
173
227
182
231
173
236
165
238
158
238
151
238
144
236
140
231
151
231
157
232
165
231
177
231
165
229
157
230
151
229
1000
135
231
143
227
151
225
157
227
164
225
173
227
182
231
173
235
165
237
157
238
151
237
143
235
139
231
151
231
157
232
165
231
178
231
164
229
157
230
151
229
1000
134
230
142
227
150
226
156
227
164
226
173
228
182
231
173
237
164
239
157
240
150
239
142
236
138
231
150
231
157
232
164
231
178
231
164
232
156
233
150
231
1000
134
230
142
227
150
225
156
227
164
226
173
227
182
231
173
236
164
239
157
240
150
239
142
236
138
230
150
231
156
232
164
231
178
231
164
232
156
233
150
232
1000
134
230
142
227
150
225
157
227
164
225
173
227
182
231
173
237
165
240
157
240
150
239
142
236
138
230
150
231
157
232
164
231
178
231
164
232
157
233
150
231
1000
135
230
143
227
151
226
157
228
164
226
173
228
182
231
173
237
165
239
157
240
150
239
143
236
138
231
151
231
157
232
164
231
178
231
164
232
157
233
150
232
1000
133
230
141
227
150
225
156
227
164
225
173
227
182
230
173
236
164
239
157
240
150
239
142
236
137
230
150
231
156
232
164
230
178
230
164
231
157
232
150
231
1000
134
230
142
227
151
225
157
227
164
225
173
227
183
230
173
237
165
239
157
240
151
239
143
236
138
230
151
231
157
232
164
231
179
230
164
232
157
232
151
231
1000
134
230
142
227
151
225
157
227
164
225
173
227
183
230
174
236
165
239
157
239
151
239
143
236
138
230
151
231
157
231
164
231
179
230
164
231
157
232
151
231
1000
