184
238
191
235
198
233
203
235
210
233
222
236
236
239
223
246
211
249
204
250
198
249
190
245
188
238
198
239
204
240
211
239
230
239
210
240
203
241
197
240
1000
184
239
191
236
198
234
205
236
213
234
223
236
235
239
224
247
213
251
205
252
198
251
191
247
188
239
199
239
205
240
213
239
230
239
213
242
205
243
198
242
1000
184
239
190
235
198
234
204
236
212
234
223
236
235
240
223
247
213
250
205
251
198
250
190
246
188
239
198
239
205
240
212
239
230
240
212
242
204
243
198
242
1000
184
239
191
235
199
233
205
235
212
233
224
235
235
239
224
246
213
250
205
251
199
250
191
246
188
239
199
239
205
240
213
239
230
239
212
241
205
242
198
241
1000
185
239
192
235
200
233
206
235
214
233
224
235
235
239
225
247
214
250
207
251
200
250
191
246
188
239
200
239
207
240
214
239
230
239
213
241
206
242
199
241
1000
186
239
193
235
200
233
207
235
214
233
225
235
237
239
226
246
215
250
207
251
200
250
193
246
190
239
200
239
207
240
215
239
232
239
214
241
206
242
200
241
1000
185
237
193
235
201
233
207
235
215
233
225
235
236
238
225
244
215
247
207
247
200
246
192
243
189
238
201
239
207
240
215
239
231
238
214
238
207
239
200
238
1000
186
237
194
234
202
233
209
234
217
233
227
234
238
237
227
243
216
246
208
247
202
246
193
244
190
238
202
239
209
240
217
239
233
237
216
238
208
239
202
238
1000
186
237
194
234
202
233
209
235
216
233
227
234
237
237
227
244
216
247
208
248
202
247
193
244
190
238
202
239
209
239
216
239
232
238
215
239
208
240
201
239
1000
188
239
195
235
202
233
209
235
217
233
227
235
236
239
227
246
217
249
209
249
202
248
194
245
191
239
202
238
209
239
217
238
231
239
216
241
208
242
201
241
1000
188
236
195
232
202
230
209
232
216
231
226
233
237
238
227
245
216
248
208
248
202
247
194
244
192
237
203
236
209
237
216
237
232
238
216
240
208
241
202
239
1000
187
237
194
232
202
230
209
233
217
231
227
233
237
238
227
245
216
248
208
248
201
247
193
243
191
237
202
236
209
237
217
237
232
238
216
240
208
241
201
239
1000
188
238
195
234
202
232
208
234
216
232
225
234
234
238
224
244
215
246
208
247
202
246
194
244
191
238
202
237
208
238
216
237
230
238
215
239
208
240
201
239
1000
189
236
196
232
203
230
209
232
216
230
226
233
237
237
226
242
216
244
209
244
203
243
196
241
193
236
203
236
209
237
217
236
232
237
216
236
209
236
203
235
1000
189
237
195
232
203
230
210
232
217
230
227
232
238
237
227
245
217
248
209
248
203
247
195
243
193
237
204
235
210
236
218
236
233
237
217
239
209
240
203
239
1000
190
237
197
231
205
229
211
231
218
230
228
232
237
238
227
245
218
247
210
248
204
247
196
243
194
237
205
236
211
237
219
237
232
238
218
238
210
239
204
237
1000
189
235
196
231
204
229
210
231
218
229
228
231
238
236
228
242
218
245
210
245
204
244
196
241
193
235
204
234
211
235
218
235
233
236
218
237
210
238
204
236
1000
189
236
196
232
203
229
210
232
217
230
226
232
237
235
226
236
217
236
210
236
203
236
196
236
193
236
203
236
210
237
217
236
232
235
217
227
209
228
203
227
1000
191
237
198
232
205
229
211
231
218
230
228
232
238
236
228
241
218
242
211
243
205
242
197
241
195
237
205
237
211
237
218
237
233
236
217
233
210
233
205
233
1000
190
235
198
231
206
229
211
231
219
229
229
231
239
236
229
242
219
245
211
245
205
244
197
241
194
235
205
234
211
235
219
234
234
236
218
237
211
238
205
236
1000
190
234
197
229
206
227
213
229
221
227
231
229
241
234
230
240
221
242
212
243
205
243
197
240
194
234
206
233
213
234
221
233
236
234
220
235
212
236
205
235
1000
193
234
199
228
207
225
213
227
220
226
230
229
240
235
231
242
221
245
214
245
207
244
200
240
197
234
207
232
214
233
220
233
236
235
220
236
214
236
207
235
1000
193
234
199
229
207
226
214
228
221
226
231
229
241
235
231
242
221
245
214
245
207
244
200
240
198
234
207
233
214
233
221
233
236
235
221
236
214
236
207
235
1000
190
233
197
229
205
226
212
228
220
227
230
229
241
234
230
240
220
242
213
243
205
242
197
239
194
233
205
232
213
233
220
233
236
234
220
234
212
235
205
234
1000
192
233
199
228
207
226
214
228
221
226
230
228
241
233
231
238
222
241
214
242
207
241
199
238
196
233
207
232
214
233
221
232
237
233
221
233
214
234
207
233
1000
191
231
199
227
207
225
215
227
222
225
233
227
243
232
233
239
223
242
215
243
207
242
199
238
195
232
207
231
215
233
222
232
239
232
222
234
215
235
207
233
1000
193
233
200
228
208
225
215
227
222
226
233
228
243
234
233
241
223
244
215
244
208
243
200
240
197
233
208
231
215
232
223
232
238
234
222
235
215
236
208
235
1000
192
232
199
228
207
225
214
227
221
225
231
227
241
232
231
239
221
241
214
242
207
241
199
238
196
232
207
232
214
232
221
232
237
232
221
232
214
233
207
232
1000
193
231
199
227
208
225
215
226
222
225
233
227
244
232
234
239
223
242
215
243
208
242
200
238
197
231
208
231
215
232
222
231
239
232
222
234
215
235
208
234
1000
193
232
200
228
208
225
214
227
221
226
231
228
242
232
232
239
222
242
215
242
208
241
200
238
197
232
208
231
215
232
222
231
238
232
221
234
214
234
208
233
1000
195
233
201
228
209
225
215
227
222
225
232
228
242
233
232
240
223
243
216
243
209
242
201
239
199
233
209
231
216
232
222
231
237
233
222
234
215
235
209
234
1000
194
230
201
226
209
223
215
225
222
224
232
226
242
231
232
238
223
241
215
241
208
240
201
237
199
231
209
230
215
231
222
230
237
231
222
233
215
233
208
232
1000
194
230
200
226
208
223
215
225
222
223
232
225
243
229
233
236
223
239
216
239
209
239
201
236
197
230
209
229
216
230
223
229
239
230
223
230
216
231
208
231
1000
193
229
200
224
208
221
216
223
223
221
234
223
245
228
234
236
224
238
216
239
209
238
200
235
198
229
209
227
216
228
224
227
240
229
224
229
216
230
208
229
1000
193
229
201
225
209
222
216
224
223
223
233
225
244
229
233
236
223
239
216
239
209
238
200
235
197
229
209
229
216
230
223
229
239
229
223
230
216
231
209
230
1000
194
229
201
225
209
223
216
224
223
223
233
225
244
229
234
235
224
237
217
238
210
237
201
234
198
229
210
229
216
230
223
229
239
229
223
229
216
230
209
229
1000
193
230
201
226
209
223
216
225
223
223
234
225
245
229
234
236
225
238
217
239
210
238
201
236
197
230
210
229
217
230
224
229
240
229
224
230
216
231
210
230
1000
194
230
202
226
210
224
217
226
224
224
235
226
246
230
235
237
225
240
218
240
210
240
202
237
198
230
210
230
217
231
225
230
241
230
224
231
217
232
210
231
1000
194
231
202
227
210
224
217
226
224
224
234
227
246
231
235
237
225
239
217
240
210
239
202
236
198
231
210
231
217
231
225
231
241
231
224
231
217
232
210
230
1000
194
231
202
227
210
224
217
226
224
225
235
227
246
231
235
237
225
240
217
240
210
239
202
237
198
231
210
231
217
232
225
231
241
231
225
231
217
232
210
231
1000
195
230
202
226
210
224
217
226
225
224
235
226
246
231
235
237
225
239
218
240
211
239
203
236
199
230
211
231
217
232
225
231
241
231
225
230
217
231
210
230
1000
195
230
202
225
210
223
217
225
224
223
235
226
245
231
235
237
225
239
217
239
210
238
202
236
199
230
210
230
217
231
225
230
240
231
224
230
217
231
210
230
1000
